%% Automatically generated initial file with PhysiCell_CreateInitFile executable
0;0;-51.2137;-4.55442;-83.2907;8.5;-1;-1;-1;-1;-1;-1;0;1;23.3328;-1
0;0;-37.5888;-33.2832;-84.4271;9.8791;-1;-1;-1;-1;-1;-1;0;0;0;-1
0;0;-37.6541;-13.6737;-86.5638;8.5;-1;-1;-1;-1;-1;-1;0;1;56.6818;-1
0;0;-38.7093;0.223641;-85.6339;8.93259;-1;-1;-1;-1;-1;-1;0;0;0;-1
0;0;-35.4237;20.7316;-84.4495;10.0373;-1;-1;-1;-1;-1;-1;0;0;0;-1
0;0;-21.6863;-40.8023;-87.282;9.31441;-1;-1;-1;-1;-1;-1;0;0;0;-1
0;0;-20.457;-22.107;-86.0417;8.72424;-1;-1;-1;-1;-1;-1;0;0;0;-1
0;0;-21.191;-8.58699;-84.1779;8.68751;-1;-1;-1;-1;-1;-1;0;0;0;-1
0;0;-20.1745;10.7166;-86.0735;8.9461;-1;-1;-1;-1;-1;-1;0;0;0;-1
0;0;-22.5775;28.6424;-83.8703;9.1147;-1;-1;-1;-1;-1;-1;0;0;0;-1
0;0;-9.02799;-49.3179;-83.452;10.3831;-1;-1;-1;-1;-1;-1;0;0;0;-1
0;0;-6.88653;-30.1996;-87.0069;9.25676;-1;-1;-1;-1;-1;-1;0;0;0;-1
0;0;-6.70109;-17.1687;-86.3095;8.92614;-1;-1;-1;-1;-1;-1;0;0;0;-1
0;0;-6.68777;0.159854;-85.1603;10.1914;-1;-1;-1;-1;-1;-1;0;0;0;-1
0;0;-7.77875;19.9209;-83.5472;10.1998;-1;-1;-1;-1;-1;-1;0;0;0;-1
0;0;-7.84761;38.2974;-83.531;9.71243;-1;-1;-1;-1;-1;-1;0;0;0;-1
0;0;7.60351;-40.894;-85.683;10.0896;-1;-1;-1;-1;-1;-1;0;0;0;-1
0;0;5.94894;-24.3406;-83.397;10.0954;-1;-1;-1;-1;-1;-1;0;0;0;-1
0;0;8.5685;-6.01829;-85.6375;8.76963;-1;-1;-1;-1;-1;-1;0;0;0;-1
0;0;6.47517;10.8833;-86.7981;8.73724;-1;-1;-1;-1;-1;-1;0;0;0;-1
0;0;7.74972;27.7539;-87.4803;8.84193;-1;-1;-1;-1;-1;-1;0;0;0;-1
0;0;8.76834;45.41;-83.1479;10.2972;-1;-1;-1;-1;-1;-1;0;0;0;-1
0;0;19.9542;-48.817;-84.3397;9.44966;-1;-1;-1;-1;-1;-1;0;0;0;-1
0;0;23.8245;-34.3121;-86.4994;10.0918;-1;-1;-1;-1;-1;-1;0;0;0;-1
0;0;20.599;-15.664;-85.0455;8.5;-1;-1;-1;-1;-1;-1;0;1;146.084;-1
0;0;22.5894;3.45774;-86.9589;8.58914;-1;-1;-1;-1;-1;-1;0;0;0;-1
0;0;23.975;20.4049;-84.5403;8.88816;-1;-1;-1;-1;-1;-1;0;0;0;-1
0;0;23.4088;37.8392;-84.8241;9.8457;-1;-1;-1;-1;-1;-1;0;0;0;-1
0;0;35.923;-39.8056;-83.6807;9.99562;-1;-1;-1;-1;-1;-1;0;0;0;-1
0;0;35.2746;-26.0117;-86.1669;8.5;-1;-1;-1;-1;-1;-1;0;1;44.2061;-1
0;0;37.2275;-5.58403;-85.3156;10.2046;-1;-1;-1;-1;-1;-1;0;0;0;-1
0;0;36.2089;11.1301;-83.5743;10.2277;-1;-1;-1;-1;-1;-1;0;0;0;-1
0;0;37.3746;26.7552;-83.8608;10.0868;-1;-1;-1;-1;-1;-1;0;0;0;-1
0;0;-70.5057;-14.7296;-69.1699;9.3986;-1;-1;-1;-1;-1;-1;0;0;0;-1
0;0;-57.77;-39.1177;-71.2849;9.97762;-1;-1;-1;-1;-1;-1;0;0;0;-1
0;0;-56.5964;-25.7059;-72.4555;9.30194;-1;-1;-1;-1;-1;-1;0;0;0;-1
0;0;-54.3462;-8.93067;-70.9266;8.5;-1;-1;-1;-1;-1;-1;0;1;30.6006;-1
0;0;-56.197;10.0026;-69.7403;10.3383;-1;-1;-1;-1;-1;-1;0;0;0;-1
0;0;-57.7468;28.4292;-71.3538;8.5;-1;-1;-1;-1;-1;-1;0;1;143.144;-1
0;0;-54.5719;46.9411;-68.3717;9.52835;-1;-1;-1;-1;-1;-1;0;0;0;-1
0;0;-41.4945;-51.2596;-72.7088;9.08313;-1;-1;-1;-1;-1;-1;0;0;0;-1
0;0;-41.2889;-29.884;-71.187;9.44447;-1;-1;-1;-1;-1;-1;0;0;0;-1
0;0;-42.3187;-17.0337;-69.4272;10.4347;-1;-1;-1;-1;-1;-1;0;0;0;-1
0;0;-39.3438;1.83237;-68.9845;8.5;-1;-1;-1;-1;-1;-1;0;1;11.2754;-1
0;0;-42.2973;16.7614;-68.753;8.5;-1;-1;-1;-1;-1;-1;0;1;130.186;-1
0;0;-42.564;34.2374;-69.8245;9.48534;-1;-1;-1;-1;-1;-1;0;0;0;-1
0;0;-41.2197;53.3538;-68.963;8.5;-1;-1;-1;-1;-1;-1;0;1;85.4119;-1
0;0;-26.3138;-57.0233;-70.1267;8.69547;-1;-1;-1;-1;-1;-1;0;0;0;-1
0;0;-28.3779;-42.914;-68.3804;10.4235;-1;-1;-1;-1;-1;-1;0;0;0;-1
0;0;-26.1849;-24.6927;-70.2968;8.78999;-1;-1;-1;-1;-1;-1;0;0;0;-1
0;0;-24.2139;-8.96024;-72.3287;8.5;-1;-1;-1;-1;-1;-1;0;1;52.418;-1
0;0;-26.7609;11.1367;-69.3157;9.33999;-1;-1;-1;-1;-1;-1;0;0;0;-1
0;0;-25.9136;26.784;-69.0695;10.0291;-1;-1;-1;-1;-1;-1;0;0;0;-1
0;0;-27.5315;43.6636;-70.7154;9.33376;-1;-1;-1;-1;-1;-1;0;0;0;-1
0;0;-27.1511;62.3571;-69.6168;9.79464;-1;-1;-1;-1;-1;-1;0;0;0;-1
0;0;-13.7277;-63.7381;-68.929;9.87774;-1;-1;-1;-1;-1;-1;0;0;0;-1
0;0;-13.8522;-48.1681;-68.4329;8.5;-1;-1;-1;-1;-1;-1;0;1;149.794;-1
0;0;-11.2932;-31.1591;-72.7621;8.91585;-1;-1;-1;-1;-1;-1;0;0;0;-1
0;0;-13.0105;-14.8985;-70.9625;9.29638;-1;-1;-1;-1;-1;-1;0;0;0;-1
0;0;-9.69915;2.16642;-72.1614;9.45092;-1;-1;-1;-1;-1;-1;0;0;0;-1
0;0;-11.4425;16.464;-70.5036;8.82064;-1;-1;-1;-1;-1;-1;0;0;0;-1
0;0;-11.6378;36.7025;-71.2798;9.09843;-1;-1;-1;-1;-1;-1;0;0;0;-1
0;0;-10.6213;55.1183;-70.1981;9.75011;-1;-1;-1;-1;-1;-1;0;0;0;-1
0;0;2.42839;-56.3773;-68.5683;9.01971;-1;-1;-1;-1;-1;-1;0;0;0;-1
0;0;4.27379;-40.3643;-72.4412;8.76763;-1;-1;-1;-1;-1;-1;0;0;0;-1
0;0;3.14519;-22.6282;-68.3996;10.2393;-1;-1;-1;-1;-1;-1;0;0;0;-1
0;0;4.93459;-8.27177;-71.8139;9.90275;-1;-1;-1;-1;-1;-1;0;0;0;-1
0;0;2.19701;10.0154;-69.0748;8.5;-1;-1;-1;-1;-1;-1;0;1;17.3868;-1
0;0;4.57629;26.7876;-69.6667;8.5;-1;-1;-1;-1;-1;-1;0;1;149.892;-1
0;0;4.80925;45.7232;-70.9163;9.40266;-1;-1;-1;-1;-1;-1;0;0;0;-1
0;0;3.59107;63.6778;-69.9177;9.87208;-1;-1;-1;-1;-1;-1;0;0;0;-1
0;0;16.5055;-66.2895;-69.6918;9.33398;-1;-1;-1;-1;-1;-1;0;0;0;-1
0;0;15.8373;-47.1268;-71.1983;8.71329;-1;-1;-1;-1;-1;-1;0;0;0;-1
0;0;19.7814;-30.3375;-70.7784;10.2304;-1;-1;-1;-1;-1;-1;0;0;0;-1
0;0;16.1407;-13.7382;-68.6453;8.5;-1;-1;-1;-1;-1;-1;0;1;151.411;-1
0;0;16.8303;1.02005;-71.2893;9.24351;-1;-1;-1;-1;-1;-1;0;0;0;-1
0;0;16.0228;18.2707;-69.0918;8.72477;-1;-1;-1;-1;-1;-1;0;0;0;-1
0;0;17.3892;35.5072;-70.6568;9.03495;-1;-1;-1;-1;-1;-1;0;0;0;-1
0;0;19.5416;55.1154;-70.1706;10.194;-1;-1;-1;-1;-1;-1;0;0;0;-1
0;0;31.1732;-57.8128;-69.489;8.5;-1;-1;-1;-1;-1;-1;0;1;160.61;-1
0;0;31.6423;-38.3552;-68.3793;9.87873;-1;-1;-1;-1;-1;-1;0;0;0;-1
0;0;31.7888;-21.9021;-69.5883;8.5;-1;-1;-1;-1;-1;-1;0;1;154.406;-1
0;0;33.8074;-6.30923;-68.7781;9.53103;-1;-1;-1;-1;-1;-1;0;0;0;-1
0;0;30.8196;12.4796;-71.8684;9.73152;-1;-1;-1;-1;-1;-1;0;0;0;-1
0;0;33.8598;28.5021;-68.486;10.0382;-1;-1;-1;-1;-1;-1;0;0;0;-1
0;0;34.0925;43.6135;-71.9384;8.5;-1;-1;-1;-1;-1;-1;0;1;148.902;-1
0;0;46.518;-51.3474;-68.5256;9.61922;-1;-1;-1;-1;-1;-1;0;0;0;-1
0;0;46.4042;-30.425;-71.9997;9.01313;-1;-1;-1;-1;-1;-1;0;0;0;-1
0;0;47.4938;-13.2805;-71.9913;9.9526;-1;-1;-1;-1;-1;-1;0;0;0;-1
0;0;45.1883;1.43848;-69.0932;8.5;-1;-1;-1;-1;-1;-1;0;1;118.826;-1
0;0;47.6824;16.9535;-68.4544;10.3912;-1;-1;-1;-1;-1;-1;0;0;0;-1
0;0;49.0084;36.903;-71.9228;10.2103;-1;-1;-1;-1;-1;-1;0;0;0;-1
0;0;46.9926;54.2787;-68.5909;8.5;-1;-1;-1;-1;-1;-1;0;1;72.4531;-1
0;0;59.7823;-25.7485;-72.1046;10.0688;-1;-1;-1;-1;-1;-1;0;0;0;-1
0;0;62.6008;-5.53068;-71.9585;8.73835;-1;-1;-1;-1;-1;-1;0;0;0;-1
0;0;61.2494;9.98591;-68.8134;9.81409;-1;-1;-1;-1;-1;-1;0;0;0;-1
0;0;-80.4536;-8.30731;-55.2779;9.69228;-1;-1;-1;-1;-1;-1;0;0;0;-1
0;0;-80.0676;12.536;-54.4407;8.7296;-1;-1;-1;-1;-1;-1;0;0;0;-1
0;0;-65.6547;-48.1027;-54.3077;10.1245;-1;-1;-1;-1;-1;-1;0;0;0;-1
0;0;-67.905;-34.1545;-55.0026;8.95215;-1;-1;-1;-1;-1;-1;0;0;0;-1
0;0;-65.7414;-12.4622;-56.7221;8.50736;-1;-1;-1;-1;-1;-1;0;0;0;-1
0;0;-64.645;1.47282;-53.7336;9.72048;-1;-1;-1;-1;-1;-1;0;0;0;-1
0;0;-68.2673;19.5622;-57.7419;8.68328;-1;-1;-1;-1;-1;-1;0;0;0;-1
0;0;-66.7533;35.5918;-54.9025;8.5;-1;-1;-1;-1;-1;-1;0;1;44.4598;-1
0;0;-52.1017;-59.4633;-54.6993;9.7421;-1;-1;-1;-1;-1;-1;0;0;0;-1
0;0;-53.278;-42.4426;-57.7591;8.54632;-1;-1;-1;-1;-1;-1;0;0;0;-1
0;0;-51.4119;-24.6579;-57.8428;8.5;-1;-1;-1;-1;-1;-1;0;1;88.5619;-1
0;0;-49.6963;-4.70058;-57.0481;9.83619;-1;-1;-1;-1;-1;-1;0;0;0;-1
0;0;-51.9463;11.9796;-54.3061;9.7551;-1;-1;-1;-1;-1;-1;0;0;0;-1
0;0;-50.9111;27.7188;-57.9436;10.3779;-1;-1;-1;-1;-1;-1;0;0;0;-1
0;0;-52.1756;45.2031;-54.0744;9.75705;-1;-1;-1;-1;-1;-1;0;0;0;-1
0;0;-50.5619;59.386;-54.1583;10.0947;-1;-1;-1;-1;-1;-1;0;0;0;-1
0;0;-38.9515;-66.3592;-56.4023;9.78686;-1;-1;-1;-1;-1;-1;0;0;0;-1
0;0;-38.5833;-51.1908;-54.3222;9.22818;-1;-1;-1;-1;-1;-1;0;0;0;-1
0;0;-36.5204;-30.9569;-56.2356;9.62245;-1;-1;-1;-1;-1;-1;0;0;0;-1
0;0;-36.4406;-15.108;-55.9886;10.2702;-1;-1;-1;-1;-1;-1;0;0;0;-1
0;0;-38.1597;2.19579;-54.391;8.98033;-1;-1;-1;-1;-1;-1;0;0;0;-1
0;0;-36.2353;21.1679;-57.2353;10.2728;-1;-1;-1;-1;-1;-1;0;0;0;-1
0;0;-35.2113;36.8833;-55.0687;8.75833;-1;-1;-1;-1;-1;-1;0;0;0;-1
0;0;-37.4919;51.2259;-56.6891;10.0445;-1;-1;-1;-1;-1;-1;0;0;0;-1
0;0;-35.5725;70.2157;-57.8402;10.4064;-1;-1;-1;-1;-1;-1;0;0;0;-1
0;0;-23.9375;-76.0737;-57.1596;9.56038;-1;-1;-1;-1;-1;-1;0;0;0;-1
0;0;-21.903;-56.158;-56.5236;9.42137;-1;-1;-1;-1;-1;-1;0;0;0;-1
0;0;-21.2325;-40.4904;-54.5105;10.0066;-1;-1;-1;-1;-1;-1;0;0;0;-1
0;0;-24.1622;-22.4078;-56.9349;9.91108;-1;-1;-1;-1;-1;-1;0;0;0;-1
0;0;-21.5323;-7.39712;-56.3096;8.98657;-1;-1;-1;-1;-1;-1;0;0;0;-1
0;0;-22.5321;9.04005;-56.1996;9.44496;-1;-1;-1;-1;-1;-1;0;0;0;-1
0;0;-21.6519;25.4568;-55.8902;8.61865;-1;-1;-1;-1;-1;-1;0;0;0;-1
0;0;-21.5105;42.1984;-56.6652;8.5;-1;-1;-1;-1;-1;-1;0;1;117.424;-1
0;0;-22.32;63.6387;-54.5593;10.3642;-1;-1;-1;-1;-1;-1;0;0;0;-1
0;0;-22.1562;77.5114;-56.8165;9.14647;-1;-1;-1;-1;-1;-1;0;0;0;-1
0;0;-9.37247;-80.802;-55.9402;8.5;-1;-1;-1;-1;-1;-1;0;1;58.5198;-1
0;0;-5.59702;-65.5046;-55.9136;9.0412;-1;-1;-1;-1;-1;-1;0;0;0;-1
0;0;-6.25705;-47.0426;-54.9532;9.62786;-1;-1;-1;-1;-1;-1;0;0;0;-1
0;0;-8.97529;-30.0237;-54.3384;9.80216;-1;-1;-1;-1;-1;-1;0;0;0;-1
0;0;-9.12349;-14.0305;-55.4416;8.61231;-1;-1;-1;-1;-1;-1;0;0;0;-1
0;0;-7.00974;0.291779;-56.8387;8.5;-1;-1;-1;-1;-1;-1;0;1;64.6458;-1
0;0;-5.7966;21.2724;-55.0929;10.3787;-1;-1;-1;-1;-1;-1;0;0;0;-1
0;0;-8.51183;36.842;-55.6116;10.3709;-1;-1;-1;-1;-1;-1;0;0;0;-1
0;0;-5.7959;54.9486;-55.1889;10.4463;-1;-1;-1;-1;-1;-1;0;0;0;-1
0;0;-9.05592;70.2441;-55.0136;8.9171;-1;-1;-1;-1;-1;-1;0;0;0;-1
0;0;9.02318;-74.3486;-56.9427;8.95921;-1;-1;-1;-1;-1;-1;0;0;0;-1
0;0;6.47402;-58.1854;-56.6403;9.9375;-1;-1;-1;-1;-1;-1;0;0;0;-1
0;0;7.11598;-41.8006;-54.9472;8.5;-1;-1;-1;-1;-1;-1;0;1;15.5094;-1
0;0;9.30573;-22.5079;-57.1718;9.348;-1;-1;-1;-1;-1;-1;0;0;0;-1
0;0;6.09518;-8.23973;-56.7602;9.37777;-1;-1;-1;-1;-1;-1;0;0;0;-1
0;0;5.47535;9.88043;-55.2109;8.95394;-1;-1;-1;-1;-1;-1;0;0;0;-1
0;0;8.24391;27.6465;-53.8571;10.1128;-1;-1;-1;-1;-1;-1;0;0;0;-1
0;0;8.67164;45.1262;-56.1819;10.2821;-1;-1;-1;-1;-1;-1;0;0;0;-1
0;0;8.61149;59.5525;-57.973;8.76315;-1;-1;-1;-1;-1;-1;0;0;0;-1
0;0;8.46926;79.8464;-54.1441;9.33081;-1;-1;-1;-1;-1;-1;0;0;0;-1
0;0;22.066;-64.1055;-56.8885;9.79249;-1;-1;-1;-1;-1;-1;0;0;0;-1
0;0;24.0832;-50.2688;-53.688;8.97699;-1;-1;-1;-1;-1;-1;0;0;0;-1
0;0;20.0578;-32.4524;-55.2811;9.10775;-1;-1;-1;-1;-1;-1;0;0;0;-1
0;0;19.9833;-12.6407;-57.8077;9.31056;-1;-1;-1;-1;-1;-1;0;0;0;-1
0;0;23.5401;1.12062;-56.2379;9.29185;-1;-1;-1;-1;-1;-1;0;0;0;-1
0;0;23.7389;20.8023;-55.7575;10.1452;-1;-1;-1;-1;-1;-1;0;0;0;-1
0;0;22.2786;38.5109;-55.715;10.0929;-1;-1;-1;-1;-1;-1;0;0;0;-1
0;0;22.8479;54.2008;-54.0889;10.4336;-1;-1;-1;-1;-1;-1;0;0;0;-1
0;0;22.0968;70.6442;-57.6913;9.08793;-1;-1;-1;-1;-1;-1;0;0;0;-1
0;0;38.8035;-55.9629;-56.6469;9.06067;-1;-1;-1;-1;-1;-1;0;0;0;-1
0;0;34.9061;-38.1022;-54.9593;8.60039;-1;-1;-1;-1;-1;-1;0;0;0;-1
0;0;38.5457;-25.4688;-56.3196;9.04343;-1;-1;-1;-1;-1;-1;0;0;0;-1
0;0;37.0393;-5.38715;-54.827;8.57831;-1;-1;-1;-1;-1;-1;0;0;0;-1
0;0;38.4456;8.03528;-55.0195;9.23354;-1;-1;-1;-1;-1;-1;0;0;0;-1
0;0;38.9179;25.2413;-54.8246;9.85015;-1;-1;-1;-1;-1;-1;0;0;0;-1
0;0;36.4869;46.2296;-56.6669;9.17439;-1;-1;-1;-1;-1;-1;0;0;0;-1
0;0;36.0146;60.5108;-54.0061;8.5;-1;-1;-1;-1;-1;-1;0;1;112.804;-1
0;0;52.6587;-50.9826;-56.4724;8.97539;-1;-1;-1;-1;-1;-1;0;0;0;-1
0;0;51.9003;-31.0409;-53.9052;9.95776;-1;-1;-1;-1;-1;-1;0;0;0;-1
0;0;52.5396;-14.8954;-53.763;8.5;-1;-1;-1;-1;-1;-1;0;1;38.2129;-1
0;0;51.9538;-0.0779929;-54.1729;9.99184;-1;-1;-1;-1;-1;-1;0;0;0;-1
0;0;50.4365;18.2076;-56.0715;9.0008;-1;-1;-1;-1;-1;-1;0;0;0;-1
0;0;52.924;34.0487;-55.8525;9.24176;-1;-1;-1;-1;-1;-1;0;0;0;-1
0;0;52.7328;55.0406;-56.6279;10.1122;-1;-1;-1;-1;-1;-1;0;0;0;-1
0;0;64.5395;-40.8632;-56.7462;9.03274;-1;-1;-1;-1;-1;-1;0;0;0;-1
0;0;67.5971;-24.9348;-56.1821;9.38578;-1;-1;-1;-1;-1;-1;0;0;0;-1
0;0;67.6326;-4.61179;-54.6942;8.5;-1;-1;-1;-1;-1;-1;0;1;115.132;-1
0;0;65.741;12.1089;-53.7646;9.54477;-1;-1;-1;-1;-1;-1;0;0;0;-1
0;0;65.8272;26.482;-54.6461;8.5;-1;-1;-1;-1;-1;-1;0;1;84.2701;-1
0;0;64.4898;46.1148;-54.0877;9.81335;-1;-1;-1;-1;-1;-1;0;0;0;-1
0;0;79.495;-17.0774;-56.7063;10.1836;-1;-1;-1;-1;-1;-1;0;0;0;-1
0;0;82.0603;1.16048;-54.1342;8.92226;-1;-1;-1;-1;-1;-1;0;0;0;-1
0;0;-87.339;-21.2044;-40.3427;9.37018;-1;-1;-1;-1;-1;-1;0;0;0;-1
0;0;-83.7117;-8.57137;-40.1209;10.0307;-1;-1;-1;-1;-1;-1;0;0;0;-1
0;0;-86.0366;12.2369;-39.1202;9.63572;-1;-1;-1;-1;-1;-1;0;0;0;-1
0;0;-86.6688;29.2633;-38.9191;9.84885;-1;-1;-1;-1;-1;-1;0;0;0;-1
0;0;-70.223;-47.6203;-39.8183;8.5;-1;-1;-1;-1;-1;-1;0;1;60.0316;-1
0;0;-71.8916;-34.293;-41.8682;10.2288;-1;-1;-1;-1;-1;-1;0;0;0;-1
0;0;-71.8661;-14.4103;-41.5606;8.5;-1;-1;-1;-1;-1;-1;0;1;146.772;-1
0;0;-72.7209;3.82389;-41.0727;10.2704;-1;-1;-1;-1;-1;-1;0;0;0;-1
0;0;-70.4257;18.8437;-42.0669;9.73679;-1;-1;-1;-1;-1;-1;0;0;0;-1
0;0;-69.4887;37.5616;-43.2737;9.92192;-1;-1;-1;-1;-1;-1;0;0;0;-1
0;0;-72.6737;51.0324;-41.1348;9.59208;-1;-1;-1;-1;-1;-1;0;0;0;-1
0;0;-56.7295;-59.3128;-40.0359;10.3288;-1;-1;-1;-1;-1;-1;0;0;0;-1
0;0;-56.7253;-39.1702;-41.7862;9.50868;-1;-1;-1;-1;-1;-1;0;0;0;-1
0;0;-53.8017;-25.0217;-40.3444;9.31218;-1;-1;-1;-1;-1;-1;0;0;0;-1
0;0;-57.4563;-7.19447;-41.9372;10.0834;-1;-1;-1;-1;-1;-1;0;0;0;-1
0;0;-54.6568;9.3984;-39.7332;10.2811;-1;-1;-1;-1;-1;-1;0;0;0;-1
0;0;-55.4001;25.8247;-41.6886;9.89022;-1;-1;-1;-1;-1;-1;0;0;0;-1
0;0;-57.3201;42.3971;-40.4383;9.6706;-1;-1;-1;-1;-1;-1;0;0;0;-1
0;0;-53.7803;60.5905;-39.7575;9.62047;-1;-1;-1;-1;-1;-1;0;0;0;-1
0;0;-40.3915;-80.4985;-40.8318;8.5;-1;-1;-1;-1;-1;-1;0;1;131.642;-1
0;0;-41.4018;-65.9838;-38.9194;9.46189;-1;-1;-1;-1;-1;-1;0;0;0;-1
0;0;-42.9009;-47.5574;-41.8215;8.5;-1;-1;-1;-1;-1;-1;0;1;66.5742;-1
0;0;-42.9674;-31.4699;-42.3279;8.64528;-1;-1;-1;-1;-1;-1;0;0;0;-1
0;0;-40.1078;-13.3298;-40.7293;9.60474;-1;-1;-1;-1;-1;-1;0;0;0;-1
0;0;-42.075;2.0114;-39.8614;9.25091;-1;-1;-1;-1;-1;-1;0;0;0;-1
0;0;-41.7758;19.9275;-42.3552;8.59492;-1;-1;-1;-1;-1;-1;0;0;0;-1
0;0;-41.3282;34.2403;-41.4646;8.78789;-1;-1;-1;-1;-1;-1;0;0;0;-1
0;0;-39.8897;54.1837;-40.8712;9.53739;-1;-1;-1;-1;-1;-1;0;0;0;-1
0;0;-40.7494;67.938;-42.23;10.3601;-1;-1;-1;-1;-1;-1;0;0;0;-1
0;0;-27.5978;-72.6844;-42.9771;9.39388;-1;-1;-1;-1;-1;-1;0;0;0;-1
0;0;-28.1389;-58.1303;-40.4029;10.4418;-1;-1;-1;-1;-1;-1;0;0;0;-1
0;0;-25.0507;-38.5256;-43.04;9.23225;-1;-1;-1;-1;-1;-1;0;0;0;-1
0;0;-24.549;-22.2175;-39.671;9.9908;-1;-1;-1;-1;-1;-1;0;0;0;-1
0;0;-24.4384;-5.04302;-40.3278;8.87426;-1;-1;-1;-1;-1;-1;0;0;0;-1
0;0;-25.4602;9.73004;-41.1855;8.5;-1;-1;-1;-1;-1;-1;0;1;75.1578;-1
0;0;-28.2194;27.0146;-41.9463;9.3773;-1;-1;-1;-1;-1;-1;0;0;0;-1
0;0;-27.1138;44.2117;-41.8818;9.59228;-1;-1;-1;-1;-1;-1;0;0;0;-1
0;0;-27.9601;60.5592;-40.9723;9.41372;-1;-1;-1;-1;-1;-1;0;0;0;-1
0;0;-24.8054;77.2105;-41.8196;9.57316;-1;-1;-1;-1;-1;-1;0;0;0;-1
0;0;-12.9458;-83.0742;-42.2233;8.61093;-1;-1;-1;-1;-1;-1;0;0;0;-1
0;0;-13.1089;-67.697;-39.1017;10.0617;-1;-1;-1;-1;-1;-1;0;0;0;-1
0;0;-12.254;-49.3187;-42.076;9.18212;-1;-1;-1;-1;-1;-1;0;0;0;-1
0;0;-9.59978;-33.3308;-39.9162;9.50911;-1;-1;-1;-1;-1;-1;0;0;0;-1
0;0;-13.4078;-15.7272;-40.6675;8.69144;-1;-1;-1;-1;-1;-1;0;0;0;-1
0;0;-10.8838;0.0741679;-41.4586;8.66025;-1;-1;-1;-1;-1;-1;0;0;0;-1
0;0;-12.3652;20.2436;-39.2043;9.95302;-1;-1;-1;-1;-1;-1;0;0;0;-1
0;0;-9.52621;34.3289;-39.265;8.5;-1;-1;-1;-1;-1;-1;0;1;36.6902;-1
0;0;-11.0927;52.8995;-39.0658;10.1789;-1;-1;-1;-1;-1;-1;0;0;0;-1
0;0;-11.1058;70.8353;-40.1804;9.43087;-1;-1;-1;-1;-1;-1;0;0;0;-1
0;0;-9.77385;87.2367;-39.8671;8.5;-1;-1;-1;-1;-1;-1;0;1;87.4003;-1
0;0;2.85384;-89.5309;-42.1402;9.11671;-1;-1;-1;-1;-1;-1;0;0;0;-1
0;0;4.72972;-75.0006;-41.1473;8.55271;-1;-1;-1;-1;-1;-1;0;0;0;-1
0;0;2.15865;-59.8259;-39.2446;9.47364;-1;-1;-1;-1;-1;-1;0;0;0;-1
0;0;3.55339;-40.628;-39.531;8.5;-1;-1;-1;-1;-1;-1;0;1;50.0154;-1
0;0;4.89916;-25.4899;-39.0563;9.5216;-1;-1;-1;-1;-1;-1;0;0;0;-1
0;0;1.15622;-7.97946;-42.4616;10.2613;-1;-1;-1;-1;-1;-1;0;0;0;-1
0;0;3.29397;10.3635;-41.2022;8.61838;-1;-1;-1;-1;-1;-1;0;0;0;-1
0;0;4.4974;27.4667;-39.0261;8.90471;-1;-1;-1;-1;-1;-1;0;0;0;-1
0;0;0.911987;42.8757;-40.0194;10.0973;-1;-1;-1;-1;-1;-1;0;0;0;-1
0;0;1.22502;60.5306;-40.9848;8.5;-1;-1;-1;-1;-1;-1;0;1;52.5728;-1
0;0;4.19995;76.5228;-40.8089;9.14274;-1;-1;-1;-1;-1;-1;0;0;0;-1
0;0;17.6566;-82.3757;-42.1679;8.5;-1;-1;-1;-1;-1;-1;0;1;47.9879;-1
0;0;18.4595;-65.2747;-38.9683;10.2625;-1;-1;-1;-1;-1;-1;0;0;0;-1
0;0;18.1282;-46.4505;-40.5286;8.89095;-1;-1;-1;-1;-1;-1;0;0;0;-1
0;0;17.7374;-31.7565;-41.3221;8.5;-1;-1;-1;-1;-1;-1;0;1;37.5713;-1
0;0;19.2418;-15.5496;-41.7576;9.48375;-1;-1;-1;-1;-1;-1;0;0;0;-1
0;0;19.7647;2.02332;-42.3211;9.10927;-1;-1;-1;-1;-1;-1;0;0;0;-1
0;0;17.9601;17.6295;-40.0616;9.27102;-1;-1;-1;-1;-1;-1;0;0;0;-1
0;0;19.3148;37.0301;-43.2878;9.9124;-1;-1;-1;-1;-1;-1;0;0;0;-1
0;0;17.0716;51.9547;-39.7982;10.0976;-1;-1;-1;-1;-1;-1;0;0;0;-1
0;0;18.7888;68.4002;-40.7609;10.3155;-1;-1;-1;-1;-1;-1;0;0;0;-1
0;0;16.367;87.4287;-41.2298;10.0767;-1;-1;-1;-1;-1;-1;0;0;0;-1
0;0;33.0295;-75.6857;-42.571;8.64912;-1;-1;-1;-1;-1;-1;0;0;0;-1
0;0;30.4353;-56.5185;-40.2728;9.0958;-1;-1;-1;-1;-1;-1;0;0;0;-1
0;0;34.1525;-41.1558;-40.1444;10.005;-1;-1;-1;-1;-1;-1;0;0;0;-1
0;0;33.2054;-25.415;-41.2712;10.1242;-1;-1;-1;-1;-1;-1;0;0;0;-1
0;0;34.0555;-8.13325;-42.3771;8.5;-1;-1;-1;-1;-1;-1;0;1;15.4494;-1
0;0;34.3424;9.98649;-42.6377;8.5;-1;-1;-1;-1;-1;-1;0;1;65.7882;-1
0;0;33.9643;29.5344;-39.9485;8.93213;-1;-1;-1;-1;-1;-1;0;0;0;-1
0;0;33.509;46.479;-38.9324;10.038;-1;-1;-1;-1;-1;-1;0;0;0;-1
0;0;34.2634;59.5417;-39.838;9.38769;-1;-1;-1;-1;-1;-1;0;0;0;-1
0;0;33.6537;79.8825;-40.4942;8.95437;-1;-1;-1;-1;-1;-1;0;0;0;-1
0;0;47.9018;-65.2492;-41.6284;8.94443;-1;-1;-1;-1;-1;-1;0;0;0;-1
0;0;47.0765;-47.7181;-39.6932;9.52788;-1;-1;-1;-1;-1;-1;0;0;0;-1
0;0;47.7134;-29.8682;-39.3559;10.3176;-1;-1;-1;-1;-1;-1;0;0;0;-1
0;0;46.8568;-15.1857;-42.8916;10.067;-1;-1;-1;-1;-1;-1;0;0;0;-1
0;0;46.2689;3.41228;-42.3955;8.5;-1;-1;-1;-1;-1;-1;0;1;129.04;-1
0;0;47.7142;16.6131;-43.2803;10.1627;-1;-1;-1;-1;-1;-1;0;0;0;-1
0;0;46.7833;38.4757;-41.1358;9.52653;-1;-1;-1;-1;-1;-1;0;0;0;-1
0;0;46.3734;51.7632;-42.8842;9.67637;-1;-1;-1;-1;-1;-1;0;0;0;-1
0;0;46.937;69.3571;-39.5378;9.92643;-1;-1;-1;-1;-1;-1;0;0;0;-1
0;0;60.525;-55.1084;-38.9969;9.8308;-1;-1;-1;-1;-1;-1;0;0;0;-1
0;0;64.0986;-42.0239;-39.7094;8.94562;-1;-1;-1;-1;-1;-1;0;0;0;-1
0;0;61.0082;-23.437;-39.6998;8.55006;-1;-1;-1;-1;-1;-1;0;0;0;-1
0;0;63.9992;-7.39106;-42.5005;9.67674;-1;-1;-1;-1;-1;-1;0;0;0;-1
0;0;63.9823;8.04882;-39.5191;10.0114;-1;-1;-1;-1;-1;-1;0;0;0;-1
0;0;63.3148;26.3418;-42.625;10.0357;-1;-1;-1;-1;-1;-1;0;0;0;-1
0;0;61.5663;42.1113;-41.5605;8.88075;-1;-1;-1;-1;-1;-1;0;0;0;-1
0;0;62.1467;60.5554;-42.2004;9.23144;-1;-1;-1;-1;-1;-1;0;0;0;-1
0;0;74.9126;-32.6729;-43.1412;9.0112;-1;-1;-1;-1;-1;-1;0;0;0;-1
0;0;77.6674;-14.6984;-41.2798;8.62851;-1;-1;-1;-1;-1;-1;0;0;0;-1
0;0;76.2244;-0.343341;-41.5903;10.2851;-1;-1;-1;-1;-1;-1;0;0;0;-1
0;0;78.7959;19.9899;-42.841;8.99017;-1;-1;-1;-1;-1;-1;0;0;0;-1
0;0;76.5495;34.058;-41.7206;9.23964;-1;-1;-1;-1;-1;-1;0;0;0;-1
0;0;90.3873;-4.4781;-40.5319;8.7003;-1;-1;-1;-1;-1;-1;0;0;0;-1
0;0;-95.2517;-13.2803;-24.7572;8.77145;-1;-1;-1;-1;-1;-1;0;0;0;-1
0;0;-95.6816;1.12904;-25.6424;9.92316;-1;-1;-1;-1;-1;-1;0;0;0;-1
0;0;-81.0487;-41.5664;-24.2288;9.90428;-1;-1;-1;-1;-1;-1;0;0;0;-1
0;0;-81.9133;-23.4037;-27.5727;9.5595;-1;-1;-1;-1;-1;-1;0;0;0;-1
0;0;-79.0703;-4.55991;-26.7144;10.0423;-1;-1;-1;-1;-1;-1;0;0;0;-1
0;0;-82.8965;10.8886;-26.5122;10.1274;-1;-1;-1;-1;-1;-1;0;0;0;-1
0;0;-82.6557;27.757;-24.9813;10.0349;-1;-1;-1;-1;-1;-1;0;0;0;-1
0;0;-80.4063;44.6123;-28.1512;9.88358;-1;-1;-1;-1;-1;-1;0;0;0;-1
0;0;-64.1501;-67.9847;-26.035;8.5;-1;-1;-1;-1;-1;-1;0;1;129.706;-1
0;0;-64.5632;-48.9693;-25.992;8.77835;-1;-1;-1;-1;-1;-1;0;0;0;-1
0;0;-64.2031;-31.1423;-25.4737;9.74862;-1;-1;-1;-1;-1;-1;0;0;0;-1
0;0;-64.1852;-12.8761;-27.0439;9.28066;-1;-1;-1;-1;-1;-1;0;0;0;-1
0;0;-65.8477;4.47515;-26.1198;8.5;-1;-1;-1;-1;-1;-1;0;1;58.5348;-1
0;0;-65.5186;20.4974;-26.8458;8.59094;-1;-1;-1;-1;-1;-1;0;0;0;-1
0;0;-64.7555;35.2026;-27.1252;10.0497;-1;-1;-1;-1;-1;-1;0;0;0;-1
0;0;-64.5742;50.6634;-26.1608;9.27992;-1;-1;-1;-1;-1;-1;0;0;0;-1
0;0;-66.8181;68.7466;-26.7169;9.4554;-1;-1;-1;-1;-1;-1;0;0;0;-1
0;0;-49.6126;-72.2148;-27.8335;8.99661;-1;-1;-1;-1;-1;-1;0;0;0;-1
0;0;-49.6343;-58.3236;-26.4492;9.25063;-1;-1;-1;-1;-1;-1;0;0;0;-1
0;0;-51.5183;-39.7653;-26.4475;9.3425;-1;-1;-1;-1;-1;-1;0;0;0;-1
0;0;-52.9145;-23.2304;-28.0736;9.77632;-1;-1;-1;-1;-1;-1;0;0;0;-1
0;0;-50.8356;-7.23692;-27.942;9.73264;-1;-1;-1;-1;-1;-1;0;0;0;-1
0;0;-53.489;8.49869;-26.3404;8.9409;-1;-1;-1;-1;-1;-1;0;0;0;-1
0;0;-51.2413;26.8153;-24.2423;9.14375;-1;-1;-1;-1;-1;-1;0;0;0;-1
0;0;-49.8849;45.6832;-24.4454;9.78011;-1;-1;-1;-1;-1;-1;0;0;0;-1
0;0;-50.3951;62.5937;-25.8518;8.75947;-1;-1;-1;-1;-1;-1;0;0;0;-1
0;0;-51.8761;78.5868;-28.3069;8.72318;-1;-1;-1;-1;-1;-1;0;0;0;-1
0;0;-36.5612;-81.9635;-26.1773;10.3133;-1;-1;-1;-1;-1;-1;0;0;0;-1
0;0;-35.1186;-67.6614;-27.044;8.88636;-1;-1;-1;-1;-1;-1;0;0;0;-1
0;0;-38.7878;-47.0895;-27.2707;10.1598;-1;-1;-1;-1;-1;-1;0;0;0;-1
0;0;-36.1385;-30.1598;-25.7805;9.32899;-1;-1;-1;-1;-1;-1;0;0;0;-1
0;0;-34.7438;-13.8239;-26.754;8.77558;-1;-1;-1;-1;-1;-1;0;0;0;-1
0;0;-36.678;4.53864;-27.7921;8.5;-1;-1;-1;-1;-1;-1;0;1;140.392;-1
0;0;-38.4474;18.3878;-27.4509;9.50184;-1;-1;-1;-1;-1;-1;0;0;0;-1
0;0;-38.6239;34.7271;-24.4748;8.5;-1;-1;-1;-1;-1;-1;0;1;115.692;-1
0;0;-38.1392;52.174;-28.2485;9.223;-1;-1;-1;-1;-1;-1;0;0;0;-1
0;0;-38.6265;67.6009;-25.607;8.5;-1;-1;-1;-1;-1;-1;0;1;89.3809;-1
0;0;-35.4423;85.7452;-24.7254;10.2803;-1;-1;-1;-1;-1;-1;0;0;0;-1
0;0;-22.1616;-90.923;-24.8427;10.3383;-1;-1;-1;-1;-1;-1;0;0;0;-1
0;0;-20.0818;-72.1614;-27.0915;10.1729;-1;-1;-1;-1;-1;-1;0;0;0;-1
0;0;-20.0742;-59.9874;-26.1794;9.74517;-1;-1;-1;-1;-1;-1;0;0;0;-1
0;0;-21.9694;-40.6437;-26.677;8.61701;-1;-1;-1;-1;-1;-1;0;0;0;-1
0;0;-21.7506;-21.1018;-24.7522;10.094;-1;-1;-1;-1;-1;-1;0;0;0;-1
0;0;-19.931;-5.49239;-28.3544;8.5;-1;-1;-1;-1;-1;-1;0;1;19.7841;-1
0;0;-21.3148;11.7015;-25.7034;8.5;-1;-1;-1;-1;-1;-1;0;1;144.177;-1
0;0;-22.8726;28.8553;-27.8912;8.64731;-1;-1;-1;-1;-1;-1;0;0;0;-1
0;0;-21.1433;44.8122;-28.102;9.74786;-1;-1;-1;-1;-1;-1;0;0;0;-1
0;0;-21.796;62.1662;-26.4303;9.66986;-1;-1;-1;-1;-1;-1;0;0;0;-1
0;0;-23.2379;78.8516;-28.0391;9.43208;-1;-1;-1;-1;-1;-1;0;0;0;-1
0;0;-5.59682;-80.8497;-28.4584;9.37792;-1;-1;-1;-1;-1;-1;0;0;0;-1
0;0;-9.16956;-66.8985;-26.6184;9.47884;-1;-1;-1;-1;-1;-1;0;0;0;-1
0;0;-8.66083;-48.6709;-24.2729;9.13807;-1;-1;-1;-1;-1;-1;0;0;0;-1
0;0;-8.49633;-29.713;-25.2832;8.77274;-1;-1;-1;-1;-1;-1;0;0;0;-1
0;0;-5.88593;-13.1599;-28.0137;9.41095;-1;-1;-1;-1;-1;-1;0;0;0;-1
0;0;-5.273;2.10286;-27.6221;8.53399;-1;-1;-1;-1;-1;-1;0;0;0;-1
0;0;-6.71341;21.3789;-25.7652;9.60397;-1;-1;-1;-1;-1;-1;0;0;0;-1
0;0;-7.05923;35.1477;-27.4604;9.34522;-1;-1;-1;-1;-1;-1;0;0;0;-1
0;0;-8.18402;51.4552;-26.5922;8.65073;-1;-1;-1;-1;-1;-1;0;0;0;-1
0;0;-9.53472;71.9869;-24.201;8.6207;-1;-1;-1;-1;-1;-1;0;0;0;-1
0;0;-9.20044;88.3003;-25.5007;8.64271;-1;-1;-1;-1;-1;-1;0;0;0;-1
0;0;9.41126;-90.0826;-25.3063;10.3115;-1;-1;-1;-1;-1;-1;0;0;0;-1
0;0;6.09152;-76.4381;-25.1917;9.7822;-1;-1;-1;-1;-1;-1;0;0;0;-1
0;0;9.38199;-58.7326;-25.8922;9.33001;-1;-1;-1;-1;-1;-1;0;0;0;-1
0;0;5.45889;-39.9542;-24.9873;9.62018;-1;-1;-1;-1;-1;-1;0;0;0;-1
0;0;8.18713;-25.7348;-27.1688;8.72878;-1;-1;-1;-1;-1;-1;0;0;0;-1
0;0;9.14196;-8.97796;-27.7804;10.2426;-1;-1;-1;-1;-1;-1;0;0;0;-1
0;0;5.1122;9.74022;-24.8907;9.14542;-1;-1;-1;-1;-1;-1;0;0;0;-1
0;0;9.33716;29.6506;-27.9936;10.081;-1;-1;-1;-1;-1;-1;0;0;0;-1
0;0;6.09072;43.7085;-25.3146;10.3766;-1;-1;-1;-1;-1;-1;0;0;0;-1
0;0;7.06326;63.6953;-24.5011;10.1832;-1;-1;-1;-1;-1;-1;0;0;0;-1
0;0;5.80807;77.9381;-28.4844;9.05381;-1;-1;-1;-1;-1;-1;0;0;0;-1
0;0;8.17679;95.7279;-26.7126;10.0208;-1;-1;-1;-1;-1;-1;0;0;0;-1
0;0;22.3165;-82.5714;-25.1377;9.14669;-1;-1;-1;-1;-1;-1;0;0;0;-1
0;0;23.5964;-65.6997;-25.8596;9.51617;-1;-1;-1;-1;-1;-1;0;0;0;-1
0;0;23.4863;-47.0534;-27.7351;10.114;-1;-1;-1;-1;-1;-1;0;0;0;-1
0;0;22.773;-31.7965;-26.0708;9.7203;-1;-1;-1;-1;-1;-1;0;0;0;-1
0;0;21.8128;-16.1318;-25.5694;10.0142;-1;-1;-1;-1;-1;-1;0;0;0;-1
0;0;22.3296;1.01867;-26.8838;9.03568;-1;-1;-1;-1;-1;-1;0;0;0;-1
0;0;23.4044;18.1721;-28.4673;9.62583;-1;-1;-1;-1;-1;-1;0;0;0;-1
0;0;23.0296;34.8937;-27.5028;9.48752;-1;-1;-1;-1;-1;-1;0;0;0;-1
0;0;20.2653;51.1255;-24.3739;9.78732;-1;-1;-1;-1;-1;-1;0;0;0;-1
0;0;19.9228;69.1019;-27.3735;9.41126;-1;-1;-1;-1;-1;-1;0;0;0;-1
0;0;23.4892;84.4608;-24.661;9.48309;-1;-1;-1;-1;-1;-1;0;0;0;-1
0;0;38.2773;-75.936;-26.9959;9.08221;-1;-1;-1;-1;-1;-1;0;0;0;-1
0;0;34.8313;-56.9276;-27.2902;8.68961;-1;-1;-1;-1;-1;-1;0;0;0;-1
0;0;37.4541;-39.9235;-27.2435;9.92192;-1;-1;-1;-1;-1;-1;0;0;0;-1
0;0;37.5488;-23.2548;-28.0321;9.98008;-1;-1;-1;-1;-1;-1;0;0;0;-1
0;0;37.3956;-7.24578;-24.6629;9.68117;-1;-1;-1;-1;-1;-1;0;0;0;-1
0;0;34.7348;9.06735;-26.3174;8.8148;-1;-1;-1;-1;-1;-1;0;0;0;-1
0;0;37.2796;25.3729;-24.6967;9.96675;-1;-1;-1;-1;-1;-1;0;0;0;-1
0;0;36.8391;42.2221;-27.3689;9.84583;-1;-1;-1;-1;-1;-1;0;0;0;-1
0;0;38.3171;63.6516;-24.9795;8.5;-1;-1;-1;-1;-1;-1;0;1;24.6558;-1
0;0;36.4603;78.9462;-24.7545;8.5;-1;-1;-1;-1;-1;-1;0;1;76.6527;-1
0;0;50.1993;-66.6778;-24.1931;10.2137;-1;-1;-1;-1;-1;-1;0;0;0;-1
0;0;49.6812;-50.7923;-24.9942;10.1728;-1;-1;-1;-1;-1;-1;0;0;0;-1
0;0;49.6156;-33.4501;-24.6935;8.55599;-1;-1;-1;-1;-1;-1;0;0;0;-1
0;0;52.7695;-15.5536;-26.8612;9.21838;-1;-1;-1;-1;-1;-1;0;0;0;-1
0;0;51.9022;1.73912;-28.4856;10.0155;-1;-1;-1;-1;-1;-1;0;0;0;-1
0;0;49.8611;17.8029;-28.5635;9.04577;-1;-1;-1;-1;-1;-1;0;0;0;-1
0;0;49.9547;34.9982;-24.8931;9.38364;-1;-1;-1;-1;-1;-1;0;0;0;-1
0;0;53.3119;54.8861;-24.6897;8.65695;-1;-1;-1;-1;-1;-1;0;0;0;-1
0;0;52.154;72.467;-27.4415;9.78828;-1;-1;-1;-1;-1;-1;0;0;0;-1
0;0;66.3826;-59.0227;-28.0585;8.99162;-1;-1;-1;-1;-1;-1;0;0;0;-1
0;0;66.6893;-42.2392;-24.9071;8.84857;-1;-1;-1;-1;-1;-1;0;0;0;-1
0;0;67.5258;-23.1873;-24.5327;10.3678;-1;-1;-1;-1;-1;-1;0;0;0;-1
0;0;65.4668;-5.39707;-26.8504;8.9529;-1;-1;-1;-1;-1;-1;0;0;0;-1
0;0;66.1582;9.27373;-24.8501;9.2484;-1;-1;-1;-1;-1;-1;0;0;0;-1
0;0;64.776;25.4136;-25.565;9.8348;-1;-1;-1;-1;-1;-1;0;0;0;-1
0;0;66.4943;46.9982;-25.76;10.0347;-1;-1;-1;-1;-1;-1;0;0;0;-1
0;0;64.942;61.8731;-27.5438;10.0508;-1;-1;-1;-1;-1;-1;0;0;0;-1
0;0;79.2056;-51.2631;-25.7538;10.1042;-1;-1;-1;-1;-1;-1;0;0;0;-1
0;0;81.8468;-34.1755;-24.6743;10.2512;-1;-1;-1;-1;-1;-1;0;0;0;-1
0;0;80.3768;-16.9386;-25.1791;8.88357;-1;-1;-1;-1;-1;-1;0;0;0;-1
0;0;79.6337;-0.262982;-26.4776;9.30496;-1;-1;-1;-1;-1;-1;0;0;0;-1
0;0;83.1011;17.7949;-24.8635;9.79833;-1;-1;-1;-1;-1;-1;0;0;0;-1
0;0;79.1435;33.7745;-28.3351;8.5;-1;-1;-1;-1;-1;-1;0;1;106.606;-1
0;0;78.9457;54.5493;-26.5313;10.3516;-1;-1;-1;-1;-1;-1;0;0;0;-1
0;0;-98.2453;0.925183;-12.0256;10.2755;-1;-1;-1;-1;-1;-1;0;0;0;-1
0;0;-84.2257;-42.1458;-11.7495;9.08598;-1;-1;-1;-1;-1;-1;0;0;0;-1
0;0;-83.9083;-23.252;-9.75055;10.4098;-1;-1;-1;-1;-1;-1;0;0;0;-1
0;0;-85.2503;-7.12372;-12.5742;8.91246;-1;-1;-1;-1;-1;-1;0;0;0;-1
0;0;-83.0738;11.4668;-12.1259;10.149;-1;-1;-1;-1;-1;-1;0;0;0;-1
0;0;-84.7212;29.5585;-13.1183;8.5;-1;-1;-1;-1;-1;-1;0;1;153.449;-1
0;0;-83.9718;42.137;-10.8065;9.39125;-1;-1;-1;-1;-1;-1;0;0;0;-1
0;0;-70.7955;-68.4058;-9.77546;8.78734;-1;-1;-1;-1;-1;-1;0;0;0;-1
0;0;-68.9679;-49.3692;-12.1125;9.51949;-1;-1;-1;-1;-1;-1;0;0;0;-1
0;0;-69.5035;-32.6429;-9.82646;9.37135;-1;-1;-1;-1;-1;-1;0;0;0;-1
0;0;-72.4746;-15.9198;-11.0894;9.40543;-1;-1;-1;-1;-1;-1;0;0;0;-1
0;0;-70.8933;3.36646;-10.0135;8.76929;-1;-1;-1;-1;-1;-1;0;0;0;-1
0;0;-68.4759;17.2165;-12.9737;8.58719;-1;-1;-1;-1;-1;-1;0;0;0;-1
0;0;-69.1137;36.3313;-11.8997;9.59908;-1;-1;-1;-1;-1;-1;0;0;0;-1
0;0;-71.7615;53.9384;-13.1484;8.9755;-1;-1;-1;-1;-1;-1;0;0;0;-1
0;0;-53.9428;-75.453;-9.5082;8.85847;-1;-1;-1;-1;-1;-1;0;0;0;-1
0;0;-56.7165;-58.0652;-12.483;9.39962;-1;-1;-1;-1;-1;-1;0;0;0;-1
0;0;-57.6584;-39.0943;-10.2814;8.57706;-1;-1;-1;-1;-1;-1;0;0;0;-1
0;0;-57.4144;-24.1005;-11.8577;8.5;-1;-1;-1;-1;-1;-1;0;1;5.82297;-1
0;0;-54.9527;-7.16135;-11.8177;9.00601;-1;-1;-1;-1;-1;-1;0;0;0;-1
0;0;-53.8813;8.35716;-12.9015;10.0595;-1;-1;-1;-1;-1;-1;0;0;0;-1
0;0;-57.49;29.9467;-13.1672;8.5;-1;-1;-1;-1;-1;-1;0;1;51.9389;-1
0;0;-54.5998;44.8418;-12.3232;9.28257;-1;-1;-1;-1;-1;-1;0;0;0;-1
0;0;-57.9679;59.9397;-10.4979;9.74725;-1;-1;-1;-1;-1;-1;0;0;0;-1
0;0;-42.6329;-83.4147;-13.6162;10.0889;-1;-1;-1;-1;-1;-1;0;0;0;-1
0;0;-39.1054;-64.6279;-11.4012;9.79525;-1;-1;-1;-1;-1;-1;0;0;0;-1
0;0;-40.945;-49.3848;-10.7006;8.52157;-1;-1;-1;-1;-1;-1;0;0;0;-1
0;0;-40.9075;-32.5876;-12.3925;9.80366;-1;-1;-1;-1;-1;-1;0;0;0;-1
0;0;-42.1224;-14.229;-13.6058;10.014;-1;-1;-1;-1;-1;-1;0;0;0;-1
0;0;-41.2493;3.30256;-10.7602;9.48602;-1;-1;-1;-1;-1;-1;0;0;0;-1
0;0;-38.9577;20.3229;-10.6542;10.0097;-1;-1;-1;-1;-1;-1;0;0;0;-1
0;0;-41.8577;37.0362;-13.5607;9.33057;-1;-1;-1;-1;-1;-1;0;0;0;-1
0;0;-42.902;52.0009;-12.6998;8.5;-1;-1;-1;-1;-1;-1;0;1;86.1304;-1
0;0;-42.8093;70.793;-12.6103;8.74544;-1;-1;-1;-1;-1;-1;0;0;0;-1
0;0;-42.9795;85.0901;-13.8123;8.5;-1;-1;-1;-1;-1;-1;0;1;109.362;-1
0;0;-27.6061;-93.0417;-13.6215;9.62079;-1;-1;-1;-1;-1;-1;0;0;0;-1
0;0;-28.3775;-77.0486;-13.2099;10.1441;-1;-1;-1;-1;-1;-1;0;0;0;-1
0;0;-24.2309;-56.2541;-11.9654;10.3899;-1;-1;-1;-1;-1;-1;0;0;0;-1
0;0;-27.0806;-42.0674;-9.53317;10.4383;-1;-1;-1;-1;-1;-1;0;0;0;-1
0;0;-26.4134;-22.0264;-12.3218;10.2193;-1;-1;-1;-1;-1;-1;0;0;0;-1
0;0;-24.9677;-7.52181;-10.2463;8.54228;-1;-1;-1;-1;-1;-1;0;0;0;-1
0;0;-24.951;9.15696;-10.0409;9.43114;-1;-1;-1;-1;-1;-1;0;0;0;-1
0;0;-27.6119;28.4827;-9.97782;10.2555;-1;-1;-1;-1;-1;-1;0;0;0;-1
0;0;-28.3393;42.4446;-10.7491;9.06343;-1;-1;-1;-1;-1;-1;0;0;0;-1
0;0;-24.4549;59.1817;-13.1379;8.80537;-1;-1;-1;-1;-1;-1;0;0;0;-1
0;0;-24.6759;77.8548;-11.9789;9.85517;-1;-1;-1;-1;-1;-1;0;0;0;-1
0;0;-24.7328;94.5862;-13.7524;10.1999;-1;-1;-1;-1;-1;-1;0;0;0;-1
0;0;-13.5533;-83.2642;-11.1143;8.5;-1;-1;-1;-1;-1;-1;0;1;153.439;-1
0;0;-12.8717;-65.2204;-13.5124;8.5;-1;-1;-1;-1;-1;-1;0;1;115.529;-1
0;0;-12.918;-48.4548;-9.53417;9.49539;-1;-1;-1;-1;-1;-1;0;0;0;-1
0;0;-11.0665;-32.4761;-11.7445;10.4018;-1;-1;-1;-1;-1;-1;0;0;0;-1
0;0;-9.65385;-14.0764;-10.2891;8.5;-1;-1;-1;-1;-1;-1;0;1;160.35;-1
0;0;-10.3165;0.951775;-11.5805;10.2021;-1;-1;-1;-1;-1;-1;0;0;0;-1
0;0;-10.5212;16.8304;-11.4734;9.08701;-1;-1;-1;-1;-1;-1;0;0;0;-1
0;0;-11.6681;34.2643;-12.6419;8.56015;-1;-1;-1;-1;-1;-1;0;0;0;-1
0;0;-9.9689;50.8699;-10.5522;8.54843;-1;-1;-1;-1;-1;-1;0;0;0;-1
0;0;-10.1935;67.5805;-11.6251;9.0735;-1;-1;-1;-1;-1;-1;0;0;0;-1
0;0;-11.8392;87.3975;-12.7935;8.5;-1;-1;-1;-1;-1;-1;0;1;114.446;-1
0;0;4.54218;-91.5805;-10.6068;8.69412;-1;-1;-1;-1;-1;-1;0;0;0;-1
0;0;1.73871;-76.0106;-12.4592;8.5;-1;-1;-1;-1;-1;-1;0;1;106.115;-1
0;0;1.49129;-59.4622;-12.7083;8.86284;-1;-1;-1;-1;-1;-1;0;0;0;-1
0;0;1.75312;-41.004;-13.1989;9.63019;-1;-1;-1;-1;-1;-1;0;0;0;-1
0;0;1.10398;-21.2309;-10.2413;9.21799;-1;-1;-1;-1;-1;-1;0;0;0;-1
0;0;0.988925;-7.54821;-12.0345;8.63646;-1;-1;-1;-1;-1;-1;0;0;0;-1
0;0;3.40581;7.95431;-12.6772;10.1133;-1;-1;-1;-1;-1;-1;0;0;0;-1
0;0;3.26168;25.086;-13.6281;9.05314;-1;-1;-1;-1;-1;-1;0;0;0;-1
0;0;1.99401;44.0249;-10.6227;9.3009;-1;-1;-1;-1;-1;-1;0;0;0;-1
0;0;2.32347;59.5027;-10.6366;9.45512;-1;-1;-1;-1;-1;-1;0;0;0;-1
0;0;3.01735;76.7273;-10.15;8.91847;-1;-1;-1;-1;-1;-1;0;0;0;-1
0;0;3.32027;94.2246;-11.0535;10.2647;-1;-1;-1;-1;-1;-1;0;0;0;-1
0;0;18.9963;-85.2561;-10.0498;9.35595;-1;-1;-1;-1;-1;-1;0;0;0;-1
0;0;16.2683;-68.134;-10.206;9.47166;-1;-1;-1;-1;-1;-1;0;0;0;-1
0;0;15.9788;-51.5204;-9.77754;9.86583;-1;-1;-1;-1;-1;-1;0;0;0;-1
0;0;15.6376;-33.4239;-10.1814;9.65096;-1;-1;-1;-1;-1;-1;0;0;0;-1
0;0;16.2985;-16.3275;-11.5166;8.57311;-1;-1;-1;-1;-1;-1;0;0;0;-1
0;0;16.2765;1.38747;-11.2426;9.38448;-1;-1;-1;-1;-1;-1;0;0;0;-1
0;0;19.9303;21.0431;-10.7706;9.88972;-1;-1;-1;-1;-1;-1;0;0;0;-1
0;0;19.7685;38.045;-13.1853;8.5;-1;-1;-1;-1;-1;-1;0;1;92.3904;-1
0;0;18.2553;54.4488;-11.9505;8.5;-1;-1;-1;-1;-1;-1;0;1;83.9221;-1
0;0;17.3996;71.7536;-9.7049;10.3965;-1;-1;-1;-1;-1;-1;0;0;0;-1
0;0;15.7912;84.5222;-12.5414;8.5;-1;-1;-1;-1;-1;-1;0;1;46.0117;-1
0;0;31.8832;-93.8062;-12.032;8.83098;-1;-1;-1;-1;-1;-1;0;0;0;-1
0;0;33.7815;-76.7252;-12.0981;9.41174;-1;-1;-1;-1;-1;-1;0;0;0;-1
0;0;32.915;-55.3233;-10.3329;9.45135;-1;-1;-1;-1;-1;-1;0;0;0;-1
0;0;34.2955;-39.046;-9.65797;9.62386;-1;-1;-1;-1;-1;-1;0;0;0;-1
0;0;31.4499;-21.184;-12.0392;9.89423;-1;-1;-1;-1;-1;-1;0;0;0;-1
0;0;33.6247;-6.55201;-11.0986;8.88235;-1;-1;-1;-1;-1;-1;0;0;0;-1
0;0;33.9083;11.7902;-12.9579;10.3784;-1;-1;-1;-1;-1;-1;0;0;0;-1
0;0;31.1872;28.7325;-10.7347;9.24443;-1;-1;-1;-1;-1;-1;0;0;0;-1
0;0;33.7682;46.1789;-13.1081;9.56238;-1;-1;-1;-1;-1;-1;0;0;0;-1
0;0;33.1864;63.6916;-9.99456;8.6173;-1;-1;-1;-1;-1;-1;0;0;0;-1
0;0;32.5341;79.3176;-9.57153;10.0567;-1;-1;-1;-1;-1;-1;0;0;0;-1
0;0;45.736;-82.7309;-10.8011;8.5;-1;-1;-1;-1;-1;-1;0;1;102.706;-1
0;0;48.7481;-68.0889;-12.1288;9.53328;-1;-1;-1;-1;-1;-1;0;0;0;-1
0;0;48.2745;-47.9032;-12.3134;9.34097;-1;-1;-1;-1;-1;-1;0;0;0;-1
0;0;48.8085;-31.8151;-13.1034;9.05733;-1;-1;-1;-1;-1;-1;0;0;0;-1
0;0;45.3395;-14.4188;-10.8594;9.15165;-1;-1;-1;-1;-1;-1;0;0;0;-1
0;0;46.5235;0.260725;-10.8298;10.1585;-1;-1;-1;-1;-1;-1;0;0;0;-1
0;0;47.7357;17.8754;-13.4998;10.1742;-1;-1;-1;-1;-1;-1;0;0;0;-1
0;0;48.3908;34.4718;-10.1511;9.51622;-1;-1;-1;-1;-1;-1;0;0;0;-1
0;0;45.9911;55.5107;-12.5476;8.5;-1;-1;-1;-1;-1;-1;0;1;65.9639;-1
0;0;46.1936;67.9822;-9.65015;9.24156;-1;-1;-1;-1;-1;-1;0;0;0;-1
0;0;47.7753;85.7106;-13.0943;8.6403;-1;-1;-1;-1;-1;-1;0;0;0;-1
0;0;60.7972;-74.1023;-11.3302;10.3036;-1;-1;-1;-1;-1;-1;0;0;0;-1
0;0;60.1107;-55.4248;-13.3388;9.61516;-1;-1;-1;-1;-1;-1;0;0;0;-1
0;0;61.3028;-42.6742;-11.8065;9.39919;-1;-1;-1;-1;-1;-1;0;0;0;-1
0;0;62.7513;-25.7433;-12.4047;9.28468;-1;-1;-1;-1;-1;-1;0;0;0;-1
0;0;63.4579;-7.71699;-11.5504;9.83406;-1;-1;-1;-1;-1;-1;0;0;0;-1
0;0;60.7085;9.43498;-13.2692;10.2245;-1;-1;-1;-1;-1;-1;0;0;0;-1
0;0;62.0381;28.9144;-10.319;9.92591;-1;-1;-1;-1;-1;-1;0;0;0;-1
0;0;63.2034;46.1943;-11.2789;9.50542;-1;-1;-1;-1;-1;-1;0;0;0;-1
0;0;63.3386;63.8143;-10.7765;10.0981;-1;-1;-1;-1;-1;-1;0;0;0;-1
0;0;61.1622;77.6831;-13.7121;8.90529;-1;-1;-1;-1;-1;-1;0;0;0;-1
0;0;77.7239;-47.6748;-10.9928;8.5;-1;-1;-1;-1;-1;-1;0;1;19.1096;-1
0;0;77.5151;-29.9394;-11.3095;8.60685;-1;-1;-1;-1;-1;-1;0;0;0;-1
0;0;74.9605;-14.2971;-10.9435;10.4528;-1;-1;-1;-1;-1;-1;0;0;0;-1
0;0;74.8944;0.696645;-10.6104;8.5;-1;-1;-1;-1;-1;-1;0;1;27.1212;-1
0;0;77.1884;17.9062;-13.8128;8.69993;-1;-1;-1;-1;-1;-1;0;0;0;-1
0;0;74.7373;34.7208;-12.6393;8.5;-1;-1;-1;-1;-1;-1;0;1;20.4096;-1
0;0;75.0677;51.3135;-10.3458;9.24246;-1;-1;-1;-1;-1;-1;0;0;0;-1
0;0;89.6603;-22.2055;-11.7533;8.5;-1;-1;-1;-1;-1;-1;0;1;118.751;-1
0;0;90.1295;-4.24824;-10.0757;9.67018;-1;-1;-1;-1;-1;-1;0;0;0;-1
0;0;89.62;12.1266;-10.716;8.94815;-1;-1;-1;-1;-1;-1;0;0;0;-1
0;0;89.5829;26.9814;-11.2267;8.57982;-1;-1;-1;-1;-1;-1;0;0;0;-1
0;0;89.1957;43.5781;-9.81823;10.0381;-1;-1;-1;-1;-1;-1;0;0;0;-1
0;0;-93.7351;-16.7883;2.35038;9.45997;-1;-1;-1;-1;-1;-1;0;0;0;-1
0;0;-95.7338;2.90696;3.16327;9.65336;-1;-1;-1;-1;-1;-1;0;0;0;-1
0;0;-95.9399;18.5505;2.1722;10.2032;-1;-1;-1;-1;-1;-1;0;0;0;-1
0;0;-79.8482;-55.7662;3.02606;8.5;-1;-1;-1;-1;-1;-1;0;1;114.3;-1
0;0;-82.7174;-41.7014;4.85127;9.80047;-1;-1;-1;-1;-1;-1;0;0;0;-1
0;0;-80.7886;-22.946;2.34977;9.80139;-1;-1;-1;-1;-1;-1;0;0;0;-1
0;0;-79.0268;-6.05337;3.75519;9.46528;-1;-1;-1;-1;-1;-1;0;0;0;-1
0;0;-82.0067;10.4321;2.55874;8.90491;-1;-1;-1;-1;-1;-1;0;0;0;-1
0;0;-80.6049;25.4132;1.21196;8.5;-1;-1;-1;-1;-1;-1;0;1;12.4384;-1
0;0;-82.8366;44.0516;2.35589;10.2457;-1;-1;-1;-1;-1;-1;0;0;0;-1
0;0;-78.9526;61.124;3.35721;9.4202;-1;-1;-1;-1;-1;-1;0;0;0;-1
0;0;-64.102;-65.5156;1.46147;8.86781;-1;-1;-1;-1;-1;-1;0;0;0;-1
0;0;-64.2225;-46.9066;4.80097;10.2617;-1;-1;-1;-1;-1;-1;0;0;0;-1
0;0;-68.468;-33.3416;3.10274;8.92266;-1;-1;-1;-1;-1;-1;0;0;0;-1
0;0;-68.4907;-14.3586;1.4207;10.4365;-1;-1;-1;-1;-1;-1;0;0;0;-1
0;0;-67.762;-0.0687358;3.52591;10.3306;-1;-1;-1;-1;-1;-1;0;0;0;-1
0;0;-64.3596;17.0034;3.39228;10.4477;-1;-1;-1;-1;-1;-1;0;0;0;-1
0;0;-65.1953;36.802;3.18595;10.4249;-1;-1;-1;-1;-1;-1;0;0;0;-1
0;0;-65.7418;51.8249;3.62122;9.47993;-1;-1;-1;-1;-1;-1;0;0;0;-1
0;0;-64.8725;70.5213;3.19526;8.5;-1;-1;-1;-1;-1;-1;0;1;158.088;-1
0;0;-49.7993;-75.1665;2.92714;8.5823;-1;-1;-1;-1;-1;-1;0;0;0;-1
0;0;-50.1662;-59.6431;4.21791;8.71413;-1;-1;-1;-1;-1;-1;0;0;0;-1
0;0;-51.6159;-42.4253;3.52115;8.72965;-1;-1;-1;-1;-1;-1;0;0;0;-1
0;0;-52.2097;-24.4339;3.90038;8.58632;-1;-1;-1;-1;-1;-1;0;0;0;-1
0;0;-49.6998;-5.49337;2.36937;8.5;-1;-1;-1;-1;-1;-1;0;1;74.3735;-1
0;0;-52.8067;10.2768;3.84857;8.5;-1;-1;-1;-1;-1;-1;0;1;105.216;-1
0;0;-53.0525;25.5959;3.06249;8.5;-1;-1;-1;-1;-1;-1;0;1;118.49;-1
0;0;-50.1145;42.8981;5.10304;9.8444;-1;-1;-1;-1;-1;-1;0;0;0;-1
0;0;-50.8895;63.7084;1.57545;9.04923;-1;-1;-1;-1;-1;-1;0;0;0;-1
0;0;-51.5362;77.8187;1.29143;9.76208;-1;-1;-1;-1;-1;-1;0;0;0;-1
0;0;-35.1206;-84.1124;3.75668;9.36644;-1;-1;-1;-1;-1;-1;0;0;0;-1
0;0;-39.0413;-67.4176;3.19619;9.15764;-1;-1;-1;-1;-1;-1;0;0;0;-1
0;0;-36.7631;-50.2966;4.61706;8.5;-1;-1;-1;-1;-1;-1;0;1;77.5928;-1
0;0;-35.5977;-32.8759;2.51668;9.95707;-1;-1;-1;-1;-1;-1;0;0;0;-1
0;0;-38.2835;-13.9819;3.34434;8.97516;-1;-1;-1;-1;-1;-1;0;0;0;-1
0;0;-36.793;3.2073;4.13448;8.90095;-1;-1;-1;-1;-1;-1;0;0;0;-1
0;0;-38.2603;20.0752;2.37839;10.1518;-1;-1;-1;-1;-1;-1;0;0;0;-1
0;0;-38.5707;36.7987;1.04395;8.89588;-1;-1;-1;-1;-1;-1;0;0;0;-1
0;0;-35.5583;50.5694;2.85559;9.82839;-1;-1;-1;-1;-1;-1;0;0;0;-1
0;0;-35.4349;71.8035;1.52249;10.4423;-1;-1;-1;-1;-1;-1;0;0;0;-1
0;0;-34.977;87.9757;3.30346;9.58234;-1;-1;-1;-1;-1;-1;0;0;0;-1
0;0;-20.4709;-93.9292;1.6253;9.51832;-1;-1;-1;-1;-1;-1;0;0;0;-1
0;0;-20.396;-76.3795;4.59845;8.53528;-1;-1;-1;-1;-1;-1;0;0;0;-1
0;0;-23.7124;-57.6671;1.08318;9.2155;-1;-1;-1;-1;-1;-1;0;0;0;-1
0;0;-23.908;-40.2429;1.32045;9.25268;-1;-1;-1;-1;-1;-1;0;0;0;-1
0;0;-21.0551;-22.9972;3.70595;8.5;-1;-1;-1;-1;-1;-1;0;1;100.555;-1
0;0;-20.3947;-5.09517;3.38535;8.55675;-1;-1;-1;-1;-1;-1;0;0;0;-1
0;0;-20.212;9.72254;4.4041;10.1133;-1;-1;-1;-1;-1;-1;0;0;0;-1
0;0;-24.1934;27.5216;0.969725;8.5874;-1;-1;-1;-1;-1;-1;0;0;0;-1
0;0;-19.9637;47.0325;1.79598;9.19996;-1;-1;-1;-1;-1;-1;0;0;0;-1
0;0;-22.1828;63.9466;2.23764;9.89483;-1;-1;-1;-1;-1;-1;0;0;0;-1
0;0;-22.5229;76.7938;1.70986;9.60554;-1;-1;-1;-1;-1;-1;0;0;0;-1
0;0;-23.5922;96.0568;1.15691;9.90756;-1;-1;-1;-1;-1;-1;0;0;0;-1
0;0;-7.4651;-98.934;0.929601;10.0776;-1;-1;-1;-1;-1;-1;0;0;0;-1
0;0;-5.63692;-80.5666;3.7272;8.73414;-1;-1;-1;-1;-1;-1;0;0;0;-1
0;0;-9.19887;-66.9041;2.97025;10.3839;-1;-1;-1;-1;-1;-1;0;0;0;-1
0;0;-7.83299;-49.2237;2.01435;8.64791;-1;-1;-1;-1;-1;-1;0;0;0;-1
0;0;-7.58047;-29.8289;2.11543;9.4445;-1;-1;-1;-1;-1;-1;0;0;0;-1
0;0;-9.17806;-14.3046;3.13301;9.71029;-1;-1;-1;-1;-1;-1;0;0;0;-1
0;0;-8.47321;1.79866;3.98884;8.5;-1;-1;-1;-1;-1;-1;0;1;41.7505;-1
0;0;-6.22558;17.232;1.02303;8.51996;-1;-1;-1;-1;-1;-1;0;0;0;-1
0;0;-6.1979;34.592;3.99087;9.22465;-1;-1;-1;-1;-1;-1;0;0;0;-1
0;0;-6.06438;51.8374;3.70008;8.5;-1;-1;-1;-1;-1;-1;0;1;68.9281;-1
0;0;-7.99579;71.8464;2.06558;10.3283;-1;-1;-1;-1;-1;-1;0;0;0;-1
0;0;-9.34279;88.3144;3.75289;9.77079;-1;-1;-1;-1;-1;-1;0;0;0;-1
0;0;8.09689;-92.1459;3.05209;8.71605;-1;-1;-1;-1;-1;-1;0;0;0;-1
0;0;8.56241;-76.1541;1.87649;9.61678;-1;-1;-1;-1;-1;-1;0;0;0;-1
0;0;5.75799;-58.7743;1.50038;10.096;-1;-1;-1;-1;-1;-1;0;0;0;-1
0;0;6.80561;-42.8107;4.1444;9.83689;-1;-1;-1;-1;-1;-1;0;0;0;-1
0;0;7.29498;-24.8781;1.65803;9.5353;-1;-1;-1;-1;-1;-1;0;0;0;-1
0;0;9.49315;-8.67633;4.88919;10.1237;-1;-1;-1;-1;-1;-1;0;0;0;-1
0;0;5.48934;10.7607;3.17589;8.89902;-1;-1;-1;-1;-1;-1;0;0;0;-1
0;0;7.48964;25.2213;2.28255;9.91149;-1;-1;-1;-1;-1;-1;0;0;0;-1
0;0;8.37825;44.0642;2.15868;8.5;-1;-1;-1;-1;-1;-1;0;1;80.9521;-1
0;0;6.63344;60.3534;1.32677;8.5;-1;-1;-1;-1;-1;-1;0;1;51.0286;-1
0;0;8.82467;76.4799;2.35944;8.62821;-1;-1;-1;-1;-1;-1;0;0;0;-1
0;0;5.50615;97.7667;0.852267;9.70502;-1;-1;-1;-1;-1;-1;0;0;0;-1
0;0;20.0973;-85.3025;1.56332;8.5;-1;-1;-1;-1;-1;-1;0;1;18.5123;-1
0;0;23.6045;-66.3319;2.61044;10.1485;-1;-1;-1;-1;-1;-1;0;0;0;-1
0;0;22.4481;-47.353;4.427;8.61569;-1;-1;-1;-1;-1;-1;0;0;0;-1
0;0;21.6682;-31.0106;1.03267;8.5;-1;-1;-1;-1;-1;-1;0;1;0.360965;-1
0;0;20.8476;-14.3643;1.48261;8.5;-1;-1;-1;-1;-1;-1;0;1;82.5089;-1
0;0;23.354;4.3938;0.981434;9.49255;-1;-1;-1;-1;-1;-1;0;0;0;-1
0;0;23.2571;21.0108;5.03159;9.56391;-1;-1;-1;-1;-1;-1;0;0;0;-1
0;0;21.9115;37.8318;5.22218;8.5;-1;-1;-1;-1;-1;-1;0;1;127.543;-1
0;0;23.0517;50.9854;3.93698;9.88732;-1;-1;-1;-1;-1;-1;0;0;0;-1
0;0;20.875;68.0303;0.907251;9.16445;-1;-1;-1;-1;-1;-1;0;0;0;-1
0;0;21.3825;89.5424;1.183;10.1186;-1;-1;-1;-1;-1;-1;0;0;0;-1
0;0;37.9323;-76.0558;1.68638;9.44408;-1;-1;-1;-1;-1;-1;0;0;0;-1
0;0;38.8808;-59.6001;4.01158;8.64248;-1;-1;-1;-1;-1;-1;0;0;0;-1
0;0;34.7439;-39.8988;2.85532;8.9796;-1;-1;-1;-1;-1;-1;0;0;0;-1
0;0;34.7224;-26.0126;1.03908;9.54414;-1;-1;-1;-1;-1;-1;0;0;0;-1
0;0;38.066;-8.93449;4.67906;9.35846;-1;-1;-1;-1;-1;-1;0;0;0;-1
0;0;36.8513;9.09404;1.1049;9.51894;-1;-1;-1;-1;-1;-1;0;0;0;-1
0;0;36.4099;27.3056;2.92365;9.98295;-1;-1;-1;-1;-1;-1;0;0;0;-1
0;0;35.4412;44.6587;1.08065;10.3932;-1;-1;-1;-1;-1;-1;0;0;0;-1
0;0;36.1567;62.8726;3.57102;10.293;-1;-1;-1;-1;-1;-1;0;0;0;-1
0;0;37.3943;79.938;1.99393;10.395;-1;-1;-1;-1;-1;-1;0;0;0;-1
0;0;50.5785;-83.4395;3.12033;8.5;-1;-1;-1;-1;-1;-1;0;1;38.1987;-1
0;0;51.7827;-64.4546;4.36014;9.83279;-1;-1;-1;-1;-1;-1;0;0;0;-1
0;0;50.186;-48.5523;3.22385;10.1367;-1;-1;-1;-1;-1;-1;0;0;0;-1
0;0;53.3226;-33.7905;5.26197;8.5;-1;-1;-1;-1;-1;-1;0;1;80.5155;-1
0;0;51.1424;-15.7653;3.00227;8.60239;-1;-1;-1;-1;-1;-1;0;0;0;-1
0;0;52.0446;1.17038;2.13075;8.51441;-1;-1;-1;-1;-1;-1;0;0;0;-1
0;0;52.8293;16.8413;1.68865;9.47502;-1;-1;-1;-1;-1;-1;0;0;0;-1
0;0;49.7305;34.3809;2.06104;9.80689;-1;-1;-1;-1;-1;-1;0;0;0;-1
0;0;51.0108;55.0179;5.24962;8.5;-1;-1;-1;-1;-1;-1;0;1;54.2373;-1
0;0;49.4942;67.6309;2.94739;9.09874;-1;-1;-1;-1;-1;-1;0;0;0;-1
0;0;68.0616;-56.1252;4.85032;9.91865;-1;-1;-1;-1;-1;-1;0;0;0;-1
0;0;67.5741;-38.8549;2.62935;9.67029;-1;-1;-1;-1;-1;-1;0;0;0;-1
0;0;64.4535;-24.3364;4.54126;8.59961;-1;-1;-1;-1;-1;-1;0;0;0;-1
0;0;67.9933;-6.46241;4.57409;8.5;-1;-1;-1;-1;-1;-1;0;1;96.4486;-1
0;0;65.0907;12.6911;4.30271;10.2544;-1;-1;-1;-1;-1;-1;0;0;0;-1
0;0;65.1839;25.4711;4.38377;8.5;-1;-1;-1;-1;-1;-1;0;1;106.624;-1
0;0;66.8215;44.4639;4.33427;9.40417;-1;-1;-1;-1;-1;-1;0;0;0;-1
0;0;67.4613;60.1319;4.34272;9.78995;-1;-1;-1;-1;-1;-1;0;0;0;-1
0;0;82.3886;-46.9536;5.05956;9.16647;-1;-1;-1;-1;-1;-1;0;0;0;-1
0;0;82.0147;-33.4872;3.25943;10.4059;-1;-1;-1;-1;-1;-1;0;0;0;-1
0;0;81.3058;-15.8358;4.05511;9.58771;-1;-1;-1;-1;-1;-1;0;0;0;-1
0;0;79.4432;-0.165153;1.62494;9.17655;-1;-1;-1;-1;-1;-1;0;0;0;-1
0;0;81.181;18.2513;2.83648;9.17519;-1;-1;-1;-1;-1;-1;0;0;0;-1
0;0;82.8324;35.9978;4.19781;10.3563;-1;-1;-1;-1;-1;-1;0;0;0;-1
0;0;82.6803;55.3748;5.04971;9.98006;-1;-1;-1;-1;-1;-1;0;0;0;-1
0;0;95.6087;-23.2664;2.07193;10.372;-1;-1;-1;-1;-1;-1;0;0;0;-1
0;0;96.4069;-7.70411;4.10148;9.30892;-1;-1;-1;-1;-1;-1;0;0;0;-1
0;0;94.1872;12.5324;1.86289;9.59168;-1;-1;-1;-1;-1;-1;0;0;0;-1
0;0;93.7707;26.4937;4.88746;10.0281;-1;-1;-1;-1;-1;-1;0;0;0;-1
0;0;-86.6087;-40.7377;19.6215;10.0139;-1;-1;-1;-1;-1;-1;0;0;0;-1
0;0;-84.8319;-20.9957;18.6934;9.39531;-1;-1;-1;-1;-1;-1;0;0;0;-1
0;0;-84.5733;-5.1944;19.2837;9.9256;-1;-1;-1;-1;-1;-1;0;0;0;-1
0;0;-86.6601;10.383;17.1769;9.41782;-1;-1;-1;-1;-1;-1;0;0;0;-1
0;0;-85.6979;27.0939;18.9838;8.5;-1;-1;-1;-1;-1;-1;0;1;15.2282;-1
0;0;-84.2101;45.3729;19.3154;8.68184;-1;-1;-1;-1;-1;-1;0;0;0;-1
0;0;-71.9871;-63.5226;19.9194;9.46219;-1;-1;-1;-1;-1;-1;0;0;0;-1
0;0;-70.4577;-48.5683;16.2944;9.04696;-1;-1;-1;-1;-1;-1;0;0;0;-1
0;0;-68.5309;-34.0814;19.1376;8.5;-1;-1;-1;-1;-1;-1;0;1;119.973;-1
0;0;-72.1513;-13.0755;19.4914;9.90376;-1;-1;-1;-1;-1;-1;0;0;0;-1
0;0;-68.9667;2.11688;19.597;9.7357;-1;-1;-1;-1;-1;-1;0;0;0;-1
0;0;-70.0636;18.629;19.2509;9.64972;-1;-1;-1;-1;-1;-1;0;0;0;-1
0;0;-70.1324;34.2659;16.3661;8.77909;-1;-1;-1;-1;-1;-1;0;0;0;-1
0;0;-70.107;52.9093;15.8557;8.5;-1;-1;-1;-1;-1;-1;0;1;123.693;-1
0;0;-57.8908;-74.8658;17.5651;10.065;-1;-1;-1;-1;-1;-1;0;0;0;-1
0;0;-57.4126;-58.8361;19.0019;9.47117;-1;-1;-1;-1;-1;-1;0;0;0;-1
0;0;-56.1199;-39.2378;17.4664;10.2399;-1;-1;-1;-1;-1;-1;0;0;0;-1
0;0;-56.9759;-23.3952;16.7399;8.9323;-1;-1;-1;-1;-1;-1;0;0;0;-1
0;0;-55.011;-6.3545;15.9177;9.97374;-1;-1;-1;-1;-1;-1;0;0;0;-1
0;0;-57.4431;8.21505;17.4323;8.70387;-1;-1;-1;-1;-1;-1;0;0;0;-1
0;0;-55.1485;26.672;16.6167;9.65507;-1;-1;-1;-1;-1;-1;0;0;0;-1
0;0;-54.9046;46.8266;18.8524;8.5;-1;-1;-1;-1;-1;-1;0;1;116.923;-1
0;0;-54.1032;61.9395;18.2944;8.67427;-1;-1;-1;-1;-1;-1;0;0;0;-1
0;0;-53.6278;78.0522;19.6842;9.60026;-1;-1;-1;-1;-1;-1;0;0;0;-1
0;0;-41.4701;-84.8121;16.5991;9.64536;-1;-1;-1;-1;-1;-1;0;0;0;-1
0;0;-40.0294;-67.5793;17.7982;8.98447;-1;-1;-1;-1;-1;-1;0;0;0;-1
0;0;-40.3835;-47.6988;16.4127;9.09298;-1;-1;-1;-1;-1;-1;0;0;0;-1
0;0;-42.7424;-33.3895;18.297;9.56256;-1;-1;-1;-1;-1;-1;0;0;0;-1
0;0;-42.2248;-13.6146;16.2176;8.5;-1;-1;-1;-1;-1;-1;0;1;116.926;-1
0;0;-39.6637;2.26455;17.5041;8.8338;-1;-1;-1;-1;-1;-1;0;0;0;-1
0;0;-42.3265;18.915;18.4948;8.81873;-1;-1;-1;-1;-1;-1;0;0;0;-1
0;0;-40.9851;33.5993;18.567;8.97255;-1;-1;-1;-1;-1;-1;0;0;0;-1
0;0;-39.3495;53.3161;18.7743;8.97931;-1;-1;-1;-1;-1;-1;0;0;0;-1
0;0;-39.0462;71.6384;16.2175;10.2106;-1;-1;-1;-1;-1;-1;0;0;0;-1
0;0;-41.5823;87.6014;18.5429;8.98874;-1;-1;-1;-1;-1;-1;0;0;0;-1
0;0;-27.8086;-93.4499;16.718;10.4523;-1;-1;-1;-1;-1;-1;0;0;0;-1
0;0;-27.6558;-72.6446;18.6621;9.83112;-1;-1;-1;-1;-1;-1;0;0;0;-1
0;0;-25.2735;-56.8612;16.2003;8.5;-1;-1;-1;-1;-1;-1;0;1;124.142;-1
0;0;-24.2249;-40.4162;17.9451;8.88227;-1;-1;-1;-1;-1;-1;0;0;0;-1
0;0;-28.344;-24.8156;16.1065;9.59361;-1;-1;-1;-1;-1;-1;0;0;0;-1
0;0;-28.4633;-7.06581;16.0124;9.33032;-1;-1;-1;-1;-1;-1;0;0;0;-1
0;0;-26.4928;10.4801;16.0981;9.60486;-1;-1;-1;-1;-1;-1;0;0;0;-1
0;0;-27.459;28.0677;17.3732;9.05772;-1;-1;-1;-1;-1;-1;0;0;0;-1
0;0;-25.4089;46.0326;17.6171;9.58543;-1;-1;-1;-1;-1;-1;0;0;0;-1
0;0;-28.5354;62.1168;16.3342;9.01678;-1;-1;-1;-1;-1;-1;0;0;0;-1
0;0;-27.7903;80.2682;16.1718;10.1887;-1;-1;-1;-1;-1;-1;0;0;0;-1
0;0;-13.1623;-83.6982;17.6686;9.77088;-1;-1;-1;-1;-1;-1;0;0;0;-1
0;0;-13.761;-65.5736;16.7561;8.5;-1;-1;-1;-1;-1;-1;0;1;139.407;-1
0;0;-11.0962;-47.434;16.3375;9.7905;-1;-1;-1;-1;-1;-1;0;0;0;-1
0;0;-12.2622;-30.5919;19.5652;8.63701;-1;-1;-1;-1;-1;-1;0;0;0;-1
0;0;-11.3356;-16.2451;17.6646;9.71429;-1;-1;-1;-1;-1;-1;0;0;0;-1
0;0;-13.7417;1.80375;16.8025;10.0878;-1;-1;-1;-1;-1;-1;0;0;0;-1
0;0;-13.2593;20.8913;16.6433;10.0841;-1;-1;-1;-1;-1;-1;0;0;0;-1
0;0;-10.7728;37.4234;17.0485;8.97727;-1;-1;-1;-1;-1;-1;0;0;0;-1
0;0;-9.62062;52.0833;18.1043;10.1287;-1;-1;-1;-1;-1;-1;0;0;0;-1
0;0;-11.3794;68.3194;18.3938;8.59754;-1;-1;-1;-1;-1;-1;0;0;0;-1
0;0;-10.8446;85.3001;18.8072;8.5;-1;-1;-1;-1;-1;-1;0;1;57.3051;-1
0;0;1.68404;-92.0426;17.3557;10.248;-1;-1;-1;-1;-1;-1;0;0;0;-1
0;0;4.86138;-72.1645;15.937;8.68782;-1;-1;-1;-1;-1;-1;0;0;0;-1
0;0;3.05842;-56.9821;17.3646;8.5;-1;-1;-1;-1;-1;-1;0;1;67.2662;-1
0;0;3.10426;-39.9655;16.1098;9.887;-1;-1;-1;-1;-1;-1;0;0;0;-1
0;0;2.40844;-24.6465;16.362;8.82136;-1;-1;-1;-1;-1;-1;0;0;0;-1
0;0;5.22341;-8.40502;16.3835;8.57217;-1;-1;-1;-1;-1;-1;0;0;0;-1
0;0;4.41246;9.70572;15.931;9.89258;-1;-1;-1;-1;-1;-1;0;0;0;-1
0;0;2.19466;28.4143;16.5137;9.95865;-1;-1;-1;-1;-1;-1;0;0;0;-1
0;0;2.15192;46.4591;15.7865;8.5982;-1;-1;-1;-1;-1;-1;0;0;0;-1
0;0;2.63442;63.6965;15.923;10.4039;-1;-1;-1;-1;-1;-1;0;0;0;-1
0;0;0.907265;77.6366;15.9609;8.66392;-1;-1;-1;-1;-1;-1;0;0;0;-1
0;0;4.82644;93.126;17.8063;8.70908;-1;-1;-1;-1;-1;-1;0;0;0;-1
0;0;17.8014;-82.4023;17.0715;10.0453;-1;-1;-1;-1;-1;-1;0;0;0;-1
0;0;15.6289;-64.3112;16.3407;8.5;-1;-1;-1;-1;-1;-1;0;1;87.8234;-1
0;0;15.8849;-50.3055;18.1775;9.61978;-1;-1;-1;-1;-1;-1;0;0;0;-1
0;0;19.0025;-33.992;18.4163;8.5;-1;-1;-1;-1;-1;-1;0;1;29.0677;-1
0;0;18.7648;-16.9199;17.5983;9.30503;-1;-1;-1;-1;-1;-1;0;0;0;-1
0;0;17.4238;2.79728;18.8374;8.54447;-1;-1;-1;-1;-1;-1;0;0;0;-1
0;0;16.7898;21.1802;15.7018;9.14026;-1;-1;-1;-1;-1;-1;0;0;0;-1
0;0;16.6931;37.0179;17.0767;8.88866;-1;-1;-1;-1;-1;-1;0;0;0;-1
0;0;19.8853;52.9014;17.4458;8.85858;-1;-1;-1;-1;-1;-1;0;0;0;-1
0;0;16.2568;69.7035;17.4263;8.51644;-1;-1;-1;-1;-1;-1;0;0;0;-1
0;0;18.0595;85.6748;16.3177;9.17315;-1;-1;-1;-1;-1;-1;0;0;0;-1
0;0;33.2372;-92.5707;15.9317;9.05955;-1;-1;-1;-1;-1;-1;0;0;0;-1
0;0;34.4506;-74.1515;15.9016;9.51316;-1;-1;-1;-1;-1;-1;0;0;0;-1
0;0;33.2741;-55.2778;18.1662;9.15668;-1;-1;-1;-1;-1;-1;0;0;0;-1
0;0;33.7792;-38.7534;18.4162;8.5;-1;-1;-1;-1;-1;-1;0;1;116.502;-1
0;0;31.2691;-24.5316;16.207;9.37929;-1;-1;-1;-1;-1;-1;0;0;0;-1
0;0;30.6504;-8.209;18.538;9.30862;-1;-1;-1;-1;-1;-1;0;0;0;-1
0;0;30.5698;11.5718;17.0232;8.87722;-1;-1;-1;-1;-1;-1;0;0;0;-1
0;0;32.1286;26.8423;16.3501;8.78131;-1;-1;-1;-1;-1;-1;0;0;0;-1
0;0;33.5486;45.9379;16.3467;8.5;-1;-1;-1;-1;-1;-1;0;1;149.928;-1
0;0;30.3681;63.6907;19.6525;9.08213;-1;-1;-1;-1;-1;-1;0;0;0;-1
0;0;30.5745;77.7008;17.9648;9.25776;-1;-1;-1;-1;-1;-1;0;0;0;-1
0;0;45.0164;-80.6418;15.8893;9.99665;-1;-1;-1;-1;-1;-1;0;0;0;-1
0;0;49.0863;-68.1529;16.512;8.61752;-1;-1;-1;-1;-1;-1;0;0;0;-1
0;0;47.6112;-48.2628;18.6386;8.5;-1;-1;-1;-1;-1;-1;0;1;4.13724;-1
0;0;47.1;-31.8143;16.3153;9.52674;-1;-1;-1;-1;-1;-1;0;0;0;-1
0;0;46.6533;-15.4268;17.6246;9.96599;-1;-1;-1;-1;-1;-1;0;0;0;-1
0;0;46.2273;4.49605;19.6096;9.61473;-1;-1;-1;-1;-1;-1;0;0;0;-1
0;0;49.1214;20.6973;17.3171;9.77667;-1;-1;-1;-1;-1;-1;0;0;0;-1
0;0;47.0406;34.593;18.9778;8.5;-1;-1;-1;-1;-1;-1;0;1;53.3987;-1
0;0;45.1024;54.1613;16.1497;10.1386;-1;-1;-1;-1;-1;-1;0;0;0;-1
0;0;47.1791;68.7359;17.7413;8.7934;-1;-1;-1;-1;-1;-1;0;0;0;-1
0;0;46.0513;86.1259;19.6462;8.5;-1;-1;-1;-1;-1;-1;0;1;50.7538;-1
0;0;61.0534;-75.4342;17.503;9.74749;-1;-1;-1;-1;-1;-1;0;0;0;-1
0;0;62.5345;-57.8631;17.9362;8.5;-1;-1;-1;-1;-1;-1;0;1;49.2852;-1
0;0;63.0592;-38.0305;16.5743;10.097;-1;-1;-1;-1;-1;-1;0;0;0;-1
0;0;60.4605;-24.8221;16.0075;9.90118;-1;-1;-1;-1;-1;-1;0;0;0;-1
0;0;60.389;-7.45602;16.5793;8.93108;-1;-1;-1;-1;-1;-1;0;0;0;-1
0;0;62.6694;10.672;16.2822;9.45392;-1;-1;-1;-1;-1;-1;0;0;0;-1
0;0;61.7537;28.3826;16.1122;10.2254;-1;-1;-1;-1;-1;-1;0;0;0;-1
0;0;62.4656;44.9736;19.3895;8.67367;-1;-1;-1;-1;-1;-1;0;0;0;-1
0;0;62.4927;63.614;19.244;10.0225;-1;-1;-1;-1;-1;-1;0;0;0;-1
0;0;76.0613;-50.2152;19.534;8.70096;-1;-1;-1;-1;-1;-1;0;0;0;-1
0;0;75.6543;-33.6929;18.3759;10.0886;-1;-1;-1;-1;-1;-1;0;0;0;-1
0;0;77.9868;-16.9587;16.4139;8.5;-1;-1;-1;-1;-1;-1;0;1;147.941;-1
0;0;74.9795;0.918166;19.6644;8.71841;-1;-1;-1;-1;-1;-1;0;0;0;-1
0;0;76.7744;20.2087;15.9527;9.82373;-1;-1;-1;-1;-1;-1;0;0;0;-1
0;0;74.5916;38.2535;19.2534;10.3722;-1;-1;-1;-1;-1;-1;0;0;0;-1
0;0;76.7448;52.0407;18.6133;8.77615;-1;-1;-1;-1;-1;-1;0;0;0;-1
0;0;91.5586;-21.8575;18.6035;9.7875;-1;-1;-1;-1;-1;-1;0;0;0;-1
0;0;92.7717;-7.61224;19.9642;8.5;-1;-1;-1;-1;-1;-1;0;1;71.7681;-1
0;0;91.8192;9.39288;16.022;9.05672;-1;-1;-1;-1;-1;-1;0;0;0;-1
0;0;89.4862;26.6683;16.7966;9.35384;-1;-1;-1;-1;-1;-1;0;0;0;-1
0;0;-93.741;2.45825;34.5412;8.55786;-1;-1;-1;-1;-1;-1;0;0;0;-1
0;0;-82.2922;-39.5168;31.019;9.85962;-1;-1;-1;-1;-1;-1;0;0;0;-1
0;0;-79.7882;-25.422;32.3765;9.32437;-1;-1;-1;-1;-1;-1;0;0;0;-1
0;0;-79.0259;-5.9999;34.1369;9.22038;-1;-1;-1;-1;-1;-1;0;0;0;-1
0;0;-80.319;10.0593;31.8796;8.73128;-1;-1;-1;-1;-1;-1;0;0;0;-1
0;0;-82.9103;25.974;30.4412;9.40262;-1;-1;-1;-1;-1;-1;0;0;0;-1
0;0;-79.8913;46.1122;30.9933;8.54151;-1;-1;-1;-1;-1;-1;0;0;0;-1
0;0;-65.7703;-67.0859;33.8225;9.46889;-1;-1;-1;-1;-1;-1;0;0;0;-1
0;0;-66.705;-47.6867;32.3685;9.70994;-1;-1;-1;-1;-1;-1;0;0;0;-1
0;0;-64.3314;-30.7219;34.2932;9.95636;-1;-1;-1;-1;-1;-1;0;0;0;-1
0;0;-67.0599;-15.5411;30.3671;8.5;-1;-1;-1;-1;-1;-1;0;1;81.1747;-1
0;0;-65.7275;-0.0969909;34.1618;8.9441;-1;-1;-1;-1;-1;-1;0;0;0;-1
0;0;-66.6484;18.1535;34.1864;8.5;-1;-1;-1;-1;-1;-1;0;1;21.5204;-1
0;0;-64.2491;35.2388;31.6509;8.58667;-1;-1;-1;-1;-1;-1;0;0;0;-1
0;0;-67.0748;53.0713;33.2135;9.91933;-1;-1;-1;-1;-1;-1;0;0;0;-1
0;0;-53.6269;-73.0012;30.3222;10.1149;-1;-1;-1;-1;-1;-1;0;0;0;-1
0;0;-50.2426;-59.1417;30.642;9.48167;-1;-1;-1;-1;-1;-1;0;0;0;-1
0;0;-49.5137;-38.5307;31.3878;9.72083;-1;-1;-1;-1;-1;-1;0;0;0;-1
0;0;-52.9414;-21.0331;31.0852;8.5;-1;-1;-1;-1;-1;-1;0;1;70.4584;-1
0;0;-52.9029;-7.38088;34.3625;9.66627;-1;-1;-1;-1;-1;-1;0;0;0;-1
0;0;-51.529;11.8716;31.9002;8.5;-1;-1;-1;-1;-1;-1;0;1;138.194;-1
0;0;-50.887;29.6307;32.6474;8.5;-1;-1;-1;-1;-1;-1;0;1;119.497;-1
0;0;-52.9348;43.0429;33.0982;8.5;-1;-1;-1;-1;-1;-1;0;1;50.6536;-1
0;0;-51.8682;60.1949;34.5719;8.5;-1;-1;-1;-1;-1;-1;0;1;87.5741;-1
0;0;-35.4622;-85.5165;34.3758;10.1766;-1;-1;-1;-1;-1;-1;0;0;0;-1
0;0;-38.3705;-66.1788;31.0661;8.5;-1;-1;-1;-1;-1;-1;0;1;78.27;-1
0;0;-38.1939;-46.6858;33.1459;9.74583;-1;-1;-1;-1;-1;-1;0;0;0;-1
0;0;-34.8779;-33.5105;33.1937;10.2533;-1;-1;-1;-1;-1;-1;0;0;0;-1
0;0;-35.1901;-16.3048;32.7089;8.8572;-1;-1;-1;-1;-1;-1;0;0;0;-1
0;0;-35.4004;3.06439;32.2297;8.80953;-1;-1;-1;-1;-1;-1;0;0;0;-1
0;0;-38.5125;17.5068;32.7239;8.96634;-1;-1;-1;-1;-1;-1;0;0;0;-1
0;0;-37.1045;38.0735;31.643;9.65063;-1;-1;-1;-1;-1;-1;0;0;0;-1
0;0;-36.9325;52.1149;32.0982;8.9865;-1;-1;-1;-1;-1;-1;0;0;0;-1
0;0;-37.9232;69.2932;32.0028;8.5;-1;-1;-1;-1;-1;-1;0;1;81.2375;-1
0;0;-21.1622;-91.0265;34.0553;9.86408;-1;-1;-1;-1;-1;-1;0;0;0;-1
0;0;-23.0818;-74.256;31.9509;8.5;-1;-1;-1;-1;-1;-1;0;1;56.7261;-1
0;0;-22.9052;-56.9854;34.5008;8.61747;-1;-1;-1;-1;-1;-1;0;0;0;-1
0;0;-21.6082;-42.8476;31.7404;8.61331;-1;-1;-1;-1;-1;-1;0;0;0;-1
0;0;-20.0092;-21.3138;31.5304;8.5;-1;-1;-1;-1;-1;-1;0;1;112.559;-1
0;0;-20.5881;-4.95924;34.1509;9.37895;-1;-1;-1;-1;-1;-1;0;0;0;-1
0;0;-21.8761;11.1082;31.7512;8.93559;-1;-1;-1;-1;-1;-1;0;0;0;-1
0;0;-23.1526;29.6604;34.0507;9.49202;-1;-1;-1;-1;-1;-1;0;0;0;-1
0;0;-20.5693;43.9745;33.8318;9.19925;-1;-1;-1;-1;-1;-1;0;0;0;-1
0;0;-20.5291;59.6741;31.126;8.65751;-1;-1;-1;-1;-1;-1;0;0;0;-1
0;0;-21.7816;76.7731;32.6874;10.0526;-1;-1;-1;-1;-1;-1;0;0;0;-1
0;0;-6.83939;-81.2794;33.2686;10.2345;-1;-1;-1;-1;-1;-1;0;0;0;-1
0;0;-7.47714;-66.0085;31.9704;9.11861;-1;-1;-1;-1;-1;-1;0;0;0;-1
0;0;-9.19336;-46.7511;30.6;9.1191;-1;-1;-1;-1;-1;-1;0;0;0;-1
0;0;-5.64875;-32.688;30.9926;8.5;-1;-1;-1;-1;-1;-1;0;1;22.3624;-1
0;0;-9.4462;-13.2222;31.3026;10.4144;-1;-1;-1;-1;-1;-1;0;0;0;-1
0;0;-7.37186;3.40402;32.13;9.30981;-1;-1;-1;-1;-1;-1;0;0;0;-1
0;0;-6.89958;21.0063;33.8359;10.0649;-1;-1;-1;-1;-1;-1;0;0;0;-1
0;0;-7.46256;38.2544;34.0678;9.13604;-1;-1;-1;-1;-1;-1;0;0;0;-1
0;0;-5.76266;51.2848;33.4714;8.5;-1;-1;-1;-1;-1;-1;0;1;102.874;-1
0;0;-7.32343;69.8957;32.3503;8.73803;-1;-1;-1;-1;-1;-1;0;0;0;-1
0;0;-6.8762;88.6307;30.8903;8.56897;-1;-1;-1;-1;-1;-1;0;0;0;-1
0;0;8.26507;-89.1868;34.6704;8.757;-1;-1;-1;-1;-1;-1;0;0;0;-1
0;0;7.53577;-74.5819;32.7854;10.4534;-1;-1;-1;-1;-1;-1;0;0;0;-1
0;0;6.25107;-59.0902;31.8574;8.79873;-1;-1;-1;-1;-1;-1;0;0;0;-1
0;0;8.5779;-42.9176;33.4569;10.0561;-1;-1;-1;-1;-1;-1;0;0;0;-1
0;0;6.88171;-23.9815;32.7623;8.90408;-1;-1;-1;-1;-1;-1;0;0;0;-1
0;0;7.22036;-5.78653;33.883;9.87605;-1;-1;-1;-1;-1;-1;0;0;0;-1
0;0;5.38294;8.39363;34.5142;9.10205;-1;-1;-1;-1;-1;-1;0;0;0;-1
0;0;8.16614;28.0659;30.9183;9.25309;-1;-1;-1;-1;-1;-1;0;0;0;-1
0;0;6.59018;42.6075;30.6092;10.1876;-1;-1;-1;-1;-1;-1;0;0;0;-1
0;0;8.61699;61.5866;30.8189;8.68436;-1;-1;-1;-1;-1;-1;0;0;0;-1
0;0;9.17263;79.0956;31.9936;9.46328;-1;-1;-1;-1;-1;-1;0;0;0;-1
0;0;23.2036;-82.1981;33.8642;9.93443;-1;-1;-1;-1;-1;-1;0;0;0;-1
0;0;22.5953;-68.5042;33.317;9.85623;-1;-1;-1;-1;-1;-1;0;0;0;-1
0;0;23.8608;-47.6783;33.3916;8.90151;-1;-1;-1;-1;-1;-1;0;0;0;-1
0;0;20.9023;-32.6736;32.9014;10.1635;-1;-1;-1;-1;-1;-1;0;0;0;-1
0;0;22.0531;-13.5771;31.9659;10.1553;-1;-1;-1;-1;-1;-1;0;0;0;-1
0;0;22.3637;0.0461592;30.7298;8.92445;-1;-1;-1;-1;-1;-1;0;0;0;-1
0;0;22.9899;19.3182;30.4569;9.06881;-1;-1;-1;-1;-1;-1;0;0;0;-1
0;0;22.128;38.1533;33.876;9.3486;-1;-1;-1;-1;-1;-1;0;0;0;-1
0;0;23.769;50.9125;32.9929;9.90615;-1;-1;-1;-1;-1;-1;0;0;0;-1
0;0;22.584;68.608;30.9086;8.75237;-1;-1;-1;-1;-1;-1;0;0;0;-1
0;0;20.7813;89.3755;34.2666;9.34689;-1;-1;-1;-1;-1;-1;0;0;0;-1
0;0;35.3852;-74.7553;32.8362;8.5;-1;-1;-1;-1;-1;-1;0;1;18.8874;-1
0;0;36.941;-55.0603;32.7938;9.55435;-1;-1;-1;-1;-1;-1;0;0;0;-1
0;0;35.3006;-38.4617;30.6041;8.5;-1;-1;-1;-1;-1;-1;0;1;76.7519;-1
0;0;37.7297;-21.8356;32.3801;8.5;-1;-1;-1;-1;-1;-1;0;1;17.6028;-1
0;0;35.5312;-4.66709;33.2869;9.17157;-1;-1;-1;-1;-1;-1;0;0;0;-1
0;0;38.7134;9.15626;32.4279;8.59517;-1;-1;-1;-1;-1;-1;0;0;0;-1
0;0;38.0272;25.4907;33.2006;9.81869;-1;-1;-1;-1;-1;-1;0;0;0;-1
0;0;38.2917;43.1343;33.1397;9.76301;-1;-1;-1;-1;-1;-1;0;0;0;-1
0;0;34.9257;62.0718;33.6472;9.76121;-1;-1;-1;-1;-1;-1;0;0;0;-1
0;0;36.731;77.0675;32.1294;10.0224;-1;-1;-1;-1;-1;-1;0;0;0;-1
0;0;52.8661;-64.5876;31.9485;9.06145;-1;-1;-1;-1;-1;-1;0;0;0;-1
0;0;53.0064;-49.3836;32.0128;9.43641;-1;-1;-1;-1;-1;-1;0;0;0;-1
0;0;52.0251;-33.3447;32.5854;9.52844;-1;-1;-1;-1;-1;-1;0;0;0;-1
0;0;51.3397;-17.537;31.3262;9.93219;-1;-1;-1;-1;-1;-1;0;0;0;-1
0;0;53.3305;0.851273;34.1291;10.0205;-1;-1;-1;-1;-1;-1;0;0;0;-1
0;0;52.2061;17.9425;33.6498;8.9672;-1;-1;-1;-1;-1;-1;0;0;0;-1
0;0;53.3901;38.4276;32.2779;8.9671;-1;-1;-1;-1;-1;-1;0;0;0;-1
0;0;53.5995;53.2201;33.3319;9.60563;-1;-1;-1;-1;-1;-1;0;0;0;-1
0;0;51.4028;68.2519;32.3465;9.14929;-1;-1;-1;-1;-1;-1;0;0;0;-1
0;0;67.2307;-58.1439;32.6092;8.83388;-1;-1;-1;-1;-1;-1;0;0;0;-1
0;0;67.9713;-38.3676;31.3422;9.31078;-1;-1;-1;-1;-1;-1;0;0;0;-1
0;0;66.479;-21.7156;31.9256;9.12977;-1;-1;-1;-1;-1;-1;0;0;0;-1
0;0;66.8463;-4.45854;33.014;9.85842;-1;-1;-1;-1;-1;-1;0;0;0;-1
0;0;67.6112;9.81371;33.0919;8.94914;-1;-1;-1;-1;-1;-1;0;0;0;-1
0;0;66.0326;27.9644;34.5648;8.61621;-1;-1;-1;-1;-1;-1;0;0;0;-1
0;0;67.0099;46.1616;30.6241;9.11558;-1;-1;-1;-1;-1;-1;0;0;0;-1
0;0;66.6611;59.1087;31.7845;9.87652;-1;-1;-1;-1;-1;-1;0;0;0;-1
0;0;79.632;-30.1808;33.7507;9.91075;-1;-1;-1;-1;-1;-1;0;0;0;-1
0;0;80.0514;-16.3537;30.6753;8.8039;-1;-1;-1;-1;-1;-1;0;0;0;-1
0;0;78.8509;3.64417;33.9316;10.0827;-1;-1;-1;-1;-1;-1;0;0;0;-1
0;0;80.7702;19.7672;34.4365;8.73611;-1;-1;-1;-1;-1;-1;0;0;0;-1
0;0;80.3485;33.5385;31.9895;8.98096;-1;-1;-1;-1;-1;-1;0;0;0;-1
0;0;-86.2828;-6.29472;47.115;9.7781;-1;-1;-1;-1;-1;-1;0;0;0;-1
0;0;-85.6945;9.71627;47.8151;10.4049;-1;-1;-1;-1;-1;-1;0;0;0;-1
0;0;-68.8426;-49.9191;48.6955;10.4318;-1;-1;-1;-1;-1;-1;0;0;0;-1
0;0;-68.9422;-34.0206;47.7924;8.5;-1;-1;-1;-1;-1;-1;0;1;156.864;-1
0;0;-68.9268;-12.9511;47.8483;9.91875;-1;-1;-1;-1;-1;-1;0;0;0;-1
0;0;-71.3675;0.405122;46.5751;8.91111;-1;-1;-1;-1;-1;-1;0;0;0;-1
0;0;-68.4675;18.0395;46.6176;8.75571;-1;-1;-1;-1;-1;-1;0;0;0;-1
0;0;-70.5712;36.423;49.3864;9.25688;-1;-1;-1;-1;-1;-1;0;0;0;-1
0;0;-56.798;-59.4905;46.3448;8.92538;-1;-1;-1;-1;-1;-1;0;0;0;-1
0;0;-57.4936;-39.0635;47.7208;9.30218;-1;-1;-1;-1;-1;-1;0;0;0;-1
0;0;-56.9636;-23.2581;47.2619;8.5;-1;-1;-1;-1;-1;-1;0;1;58.591;-1
0;0;-57.072;-7.21485;49.0117;9.56046;-1;-1;-1;-1;-1;-1;0;0;0;-1
0;0;-53.8869;12.9321;46.1464;8.6949;-1;-1;-1;-1;-1;-1;0;0;0;-1
0;0;-57.841;29.7867;46.0355;8.5;-1;-1;-1;-1;-1;-1;0;1;6.13909;-1
0;0;-56.2673;46.0139;47.0672;8.5;-1;-1;-1;-1;-1;-1;0;1;39.5614;-1
0;0;-53.9989;61.3686;45.9555;8.73256;-1;-1;-1;-1;-1;-1;0;0;0;-1
0;0;-40.6304;-64.1484;45.9233;8.77308;-1;-1;-1;-1;-1;-1;0;0;0;-1
0;0;-40.0195;-50.6158;48.552;9.14813;-1;-1;-1;-1;-1;-1;0;0;0;-1
0;0;-43.203;-30.031;45.9014;10.1709;-1;-1;-1;-1;-1;-1;0;0;0;-1
0;0;-41.4575;-14.3477;49.216;8.5;-1;-1;-1;-1;-1;-1;0;1;98.4318;-1
0;0;-41.5874;0.828111;49.2483;8.65928;-1;-1;-1;-1;-1;-1;0;0;0;-1
0;0;-42.4378;16.478;48.1496;10.2808;-1;-1;-1;-1;-1;-1;0;0;0;-1
0;0;-42.165;35.8751;45.0337;8.59133;-1;-1;-1;-1;-1;-1;0;0;0;-1
0;0;-41.1673;53.4324;49.1114;10.1348;-1;-1;-1;-1;-1;-1;0;0;0;-1
0;0;-42.5033;69.4293;48.7551;9.85071;-1;-1;-1;-1;-1;-1;0;0;0;-1
0;0;-27.8352;-76.7683;46.7411;9.0812;-1;-1;-1;-1;-1;-1;0;0;0;-1
0;0;-25.9028;-55.003;48.4576;8.59395;-1;-1;-1;-1;-1;-1;0;0;0;-1
0;0;-27.2819;-41.9721;46.7409;9.63897;-1;-1;-1;-1;-1;-1;0;0;0;-1
0;0;-28.041;-24.278;49.3767;8.5;-1;-1;-1;-1;-1;-1;0;1;117.489;-1
0;0;-25.4592;-8.71619;47.3049;8.5;-1;-1;-1;-1;-1;-1;0;1;148.443;-1
0;0;-26.4743;12.1987;46.6516;9.92574;-1;-1;-1;-1;-1;-1;0;0;0;-1
0;0;-26.838;29.728;48.4967;10.2075;-1;-1;-1;-1;-1;-1;0;0;0;-1
0;0;-26.2948;45.1148;49.1269;9.22863;-1;-1;-1;-1;-1;-1;0;0;0;-1
0;0;-25.6218;60.6432;46.8844;10.3198;-1;-1;-1;-1;-1;-1;0;0;0;-1
0;0;-25.4096;79.4711;48.4568;9.1597;-1;-1;-1;-1;-1;-1;0;0;0;-1
0;0;-12.1652;-80.8198;45.638;8.874;-1;-1;-1;-1;-1;-1;0;0;0;-1
0;0;-11.6216;-64.7534;48.3296;8.62741;-1;-1;-1;-1;-1;-1;0;0;0;-1
0;0;-13.7837;-47.4423;46.6876;10.3686;-1;-1;-1;-1;-1;-1;0;0;0;-1
0;0;-12.7966;-34.1487;49.0528;10.005;-1;-1;-1;-1;-1;-1;0;0;0;-1
0;0;-11.1473;-13.6762;49.0096;9.93402;-1;-1;-1;-1;-1;-1;0;0;0;-1
0;0;-10.9033;-0.100177;46.0945;9.49154;-1;-1;-1;-1;-1;-1;0;0;0;-1
0;0;-13.1973;19.4849;47.969;10.0132;-1;-1;-1;-1;-1;-1;0;0;0;-1
0;0;-11.037;37.1385;49.1742;8.84922;-1;-1;-1;-1;-1;-1;0;0;0;-1
0;0;-11.9847;52.4728;49.2712;9.02879;-1;-1;-1;-1;-1;-1;0;0;0;-1
0;0;-11.5684;69.6122;48.702;10.1432;-1;-1;-1;-1;-1;-1;0;0;0;-1
0;0;-12.981;86.5676;48.0385;8.5;-1;-1;-1;-1;-1;-1;0;1;127.122;-1
0;0;2.31431;-72.8791;45.5215;8.5;-1;-1;-1;-1;-1;-1;0;1;161.837;-1
0;0;1.49458;-59.8245;46.6354;8.99434;-1;-1;-1;-1;-1;-1;0;0;0;-1
0;0;2.41244;-42.2772;46.7147;9.40872;-1;-1;-1;-1;-1;-1;0;0;0;-1
0;0;1.43638;-22.2845;48.7757;9.3869;-1;-1;-1;-1;-1;-1;0;0;0;-1
0;0;4.64344;-5.13004;49.3113;9.50215;-1;-1;-1;-1;-1;-1;0;0;0;-1
0;0;3.36286;8.58054;49.2147;9.40384;-1;-1;-1;-1;-1;-1;0;0;0;-1
0;0;1.82222;29.6098;47.3371;8.5;-1;-1;-1;-1;-1;-1;0;1;32.1765;-1
0;0;1.17055;45.5567;48.0753;8.53776;-1;-1;-1;-1;-1;-1;0;0;0;-1
0;0;1.46443;60.5821;45.6634;9.03964;-1;-1;-1;-1;-1;-1;0;0;0;-1
0;0;5.2163;79.6721;48.6177;10.1102;-1;-1;-1;-1;-1;-1;0;0;0;-1
0;0;18.9201;-84.5292;48.8481;8.82496;-1;-1;-1;-1;-1;-1;0;0;0;-1
0;0;18.4418;-65.9116;46.4987;9.13393;-1;-1;-1;-1;-1;-1;0;0;0;-1
0;0;16.9687;-49.2207;46.1571;8.5;-1;-1;-1;-1;-1;-1;0;1;119.595;-1
0;0;19.9597;-34.389;45.4429;10.2763;-1;-1;-1;-1;-1;-1;0;0;0;-1
0;0;16.1105;-14.8045;48.5712;9.22523;-1;-1;-1;-1;-1;-1;0;0;0;-1
0;0;18.9979;1.8287;48.8092;8.50641;-1;-1;-1;-1;-1;-1;0;0;0;-1
0;0;17.5787;17.5539;46.7714;9.55479;-1;-1;-1;-1;-1;-1;0;0;0;-1
0;0;15.8798;36.5412;49.2227;8.5;-1;-1;-1;-1;-1;-1;0;1;29.6923;-1
0;0;19.5721;50.9898;45.1232;9.03341;-1;-1;-1;-1;-1;-1;0;0;0;-1
0;0;17.5129;71.37;47.0215;9.52319;-1;-1;-1;-1;-1;-1;0;0;0;-1
0;0;33.2937;-74.3602;48.9098;8.9766;-1;-1;-1;-1;-1;-1;0;0;0;-1
0;0;33.581;-57.1328;47.6663;9.60965;-1;-1;-1;-1;-1;-1;0;0;0;-1
0;0;33.4233;-39.1029;45.8185;9.85133;-1;-1;-1;-1;-1;-1;0;0;0;-1
0;0;30.7321;-22.6767;46.0924;9.98303;-1;-1;-1;-1;-1;-1;0;0;0;-1
0;0;32.1923;-4.95963;47.6927;9.48791;-1;-1;-1;-1;-1;-1;0;0;0;-1
0;0;33.2665;12.6428;47.8972;9.44032;-1;-1;-1;-1;-1;-1;0;0;0;-1
0;0;30.7635;25.1404;46.9229;9.75134;-1;-1;-1;-1;-1;-1;0;0;0;-1
0;0;33.0397;43.1572;48.6294;8.95476;-1;-1;-1;-1;-1;-1;0;0;0;-1
0;0;32.169;59.1392;48.4831;9.99243;-1;-1;-1;-1;-1;-1;0;0;0;-1
0;0;30.8855;76.1318;47.6351;9.44588;-1;-1;-1;-1;-1;-1;0;0;0;-1
0;0;45.757;-63.5319;46.6722;8.50235;-1;-1;-1;-1;-1;-1;0;0;0;-1
0;0;45.9849;-47.4184;47.6447;10.2055;-1;-1;-1;-1;-1;-1;0;0;0;-1
0;0;47.7553;-31.542;46.114;8.5;-1;-1;-1;-1;-1;-1;0;1;1.56175;-1
0;0;45.2652;-13.6639;49.2607;9.26855;-1;-1;-1;-1;-1;-1;0;0;0;-1
0;0;46.0434;-0.52376;45.0699;8.5;-1;-1;-1;-1;-1;-1;0;1;121.416;-1
0;0;48.1198;20.9313;46.7505;10.0206;-1;-1;-1;-1;-1;-1;0;0;0;-1
0;0;45.3179;36.6379;48.9572;9.44979;-1;-1;-1;-1;-1;-1;0;0;0;-1
0;0;46.3961;54.9455;49.3503;9.69619;-1;-1;-1;-1;-1;-1;0;0;0;-1
0;0;45.5318;72.1402;48.4893;9.86394;-1;-1;-1;-1;-1;-1;0;0;0;-1
0;0;63.799;-58.8061;46.3625;8.74716;-1;-1;-1;-1;-1;-1;0;0;0;-1
0;0;62.2299;-42.3643;48.2178;9.36522;-1;-1;-1;-1;-1;-1;0;0;0;-1
0;0;59.9038;-24.0606;48.5719;8.5;-1;-1;-1;-1;-1;-1;0;1;80.6608;-1
0;0;63.9221;-8.46561;46.6476;10.1425;-1;-1;-1;-1;-1;-1;0;0;0;-1
0;0;60.9551;8.03658;47.3713;9.86993;-1;-1;-1;-1;-1;-1;0;0;0;-1
0;0;61.7382;26.8974;45.8336;9.90075;-1;-1;-1;-1;-1;-1;0;0;0;-1
0;0;60.1938;43.4875;45.9354;10.1384;-1;-1;-1;-1;-1;-1;0;0;0;-1
0;0;61.2618;61.0221;46.9709;9.12844;-1;-1;-1;-1;-1;-1;0;0;0;-1
0;0;77.3851;-29.9735;48.4149;8.61289;-1;-1;-1;-1;-1;-1;0;0;0;-1
0;0;77.1094;-17.4473;47.8433;8.5;-1;-1;-1;-1;-1;-1;0;1;47.9448;-1
0;0;75.5751;1.98638;45.9556;9.84126;-1;-1;-1;-1;-1;-1;0;0;0;-1
0;0;78.823;17.2583;48.5858;10.0526;-1;-1;-1;-1;-1;-1;0;0;0;-1
0;0;75.1546;34.6099;45.7224;10.2898;-1;-1;-1;-1;-1;-1;0;0;0;-1
0;0;-65.662;-30.2557;62.2953;8.57744;-1;-1;-1;-1;-1;-1;0;0;0;-1
0;0;-66.6526;-15.5015;63.5192;8.87947;-1;-1;-1;-1;-1;-1;0;0;0;-1
0;0;-66.7663;0.689272;61.4041;8.52153;-1;-1;-1;-1;-1;-1;0;0;0;-1
0;0;-65.9313;19.4833;63.9135;9.60852;-1;-1;-1;-1;-1;-1;0;0;0;-1
0;0;-51.9174;-58.5598;60.4095;9.06277;-1;-1;-1;-1;-1;-1;0;0;0;-1
0;0;-51.3658;-38.3451;63.5633;10.4312;-1;-1;-1;-1;-1;-1;0;0;0;-1
0;0;-51.02;-25.0413;63.9044;8.99047;-1;-1;-1;-1;-1;-1;0;0;0;-1
0;0;-52.9457;-8.68299;60.805;8.75928;-1;-1;-1;-1;-1;-1;0;0;0;-1
0;0;-53.7787;10.428;61.9368;10.3467;-1;-1;-1;-1;-1;-1;0;0;0;-1
0;0;-53.307;27.2012;62.8434;8.5119;-1;-1;-1;-1;-1;-1;0;0;0;-1
0;0;-51.5482;46.663;61.8233;9.49673;-1;-1;-1;-1;-1;-1;0;0;0;-1
0;0;-36.2627;-47.562;60.0535;9.31429;-1;-1;-1;-1;-1;-1;0;0;0;-1
0;0;-37.1514;-33.4632;64.1313;8.56914;-1;-1;-1;-1;-1;-1;0;0;0;-1
0;0;-35.6301;-15.6098;63.2703;9.77893;-1;-1;-1;-1;-1;-1;0;0;0;-1
0;0;-36.1664;1.42362;64.1335;8.73934;-1;-1;-1;-1;-1;-1;0;0;0;-1
0;0;-34.9234;19.7387;62.3537;8.80965;-1;-1;-1;-1;-1;-1;0;0;0;-1
0;0;-34.7965;37.223;60.7426;9.96828;-1;-1;-1;-1;-1;-1;0;0;0;-1
0;0;-38.6875;52.1798;63.5295;9.47991;-1;-1;-1;-1;-1;-1;0;0;0;-1
0;0;-38.605;68.0584;60.1284;9.61487;-1;-1;-1;-1;-1;-1;0;0;0;-1
0;0;-21.2998;-73.2138;63.7931;8.5;-1;-1;-1;-1;-1;-1;0;1;158.227;-1
0;0;-23.4885;-56.6924;62.3455;10.4;-1;-1;-1;-1;-1;-1;0;0;0;-1
0;0;-22.3889;-41.2679;61.5446;10.2717;-1;-1;-1;-1;-1;-1;0;0;0;-1
0;0;-21.5838;-22.6371;64.1099;8.53442;-1;-1;-1;-1;-1;-1;0;0;0;-1
0;0;-22.0564;-5.40829;62.0674;10.3597;-1;-1;-1;-1;-1;-1;0;0;0;-1
0;0;-22.2024;10.4739;60.6422;8.5;-1;-1;-1;-1;-1;-1;0;1;94.8245;-1
0;0;-24.2129;26.7682;63.7341;9.01866;-1;-1;-1;-1;-1;-1;0;0;0;-1
0;0;-22.6534;44.459;62.6711;9.87176;-1;-1;-1;-1;-1;-1;0;0;0;-1
0;0;-21.9478;59.6768;59.8214;8.81698;-1;-1;-1;-1;-1;-1;0;0;0;-1
0;0;-7.99637;-67.7129;60.0462;8.52518;-1;-1;-1;-1;-1;-1;0;0;0;-1
0;0;-8.24022;-47.7423;63.5691;10.2311;-1;-1;-1;-1;-1;-1;0;0;0;-1
0;0;-5.27157;-29.5354;63.5789;9.05885;-1;-1;-1;-1;-1;-1;0;0;0;-1
0;0;-6.92179;-15.5571;60.4628;8.54701;-1;-1;-1;-1;-1;-1;0;0;0;-1
0;0;-9.11621;0.554997;60.6745;8.5;-1;-1;-1;-1;-1;-1;0;1;84.8447;-1
0;0;-7.21178;20.8452;59.9841;8.92528;-1;-1;-1;-1;-1;-1;0;0;0;-1
0;0;-9.05107;36.1104;64.0546;9.68264;-1;-1;-1;-1;-1;-1;0;0;0;-1
0;0;-6.71439;52.3479;60.6772;9.64341;-1;-1;-1;-1;-1;-1;0;0;0;-1
0;0;-7.47742;67.5248;60.3543;10.3052;-1;-1;-1;-1;-1;-1;0;0;0;-1
0;0;5.28949;-73.7695;62.0082;8.5;-1;-1;-1;-1;-1;-1;0;1;41.3371;-1
0;0;6.76275;-57.528;62.746;10.176;-1;-1;-1;-1;-1;-1;0;0;0;-1
0;0;7.84139;-39.3216;60.9747;8.5;-1;-1;-1;-1;-1;-1;0;1;137.058;-1
0;0;5.68805;-22.7484;62.6162;9.92312;-1;-1;-1;-1;-1;-1;0;0;0;-1
0;0;9.21381;-6.33232;62.1047;10.2402;-1;-1;-1;-1;-1;-1;0;0;0;-1
0;0;8.77802;12.277;62.0464;8.66534;-1;-1;-1;-1;-1;-1;0;0;0;-1
0;0;7.94831;26.1656;63.3684;8.5;-1;-1;-1;-1;-1;-1;0;1;160.422;-1
0;0;7.43754;42.028;59.8436;10.2988;-1;-1;-1;-1;-1;-1;0;0;0;-1
0;0;6.19489;63.1581;63.8471;9.3194;-1;-1;-1;-1;-1;-1;0;0;0;-1
0;0;21.3526;-63.6031;60.9446;8.5;-1;-1;-1;-1;-1;-1;0;1;73.644;-1
0;0;23.2108;-50.5582;62.067;8.5;-1;-1;-1;-1;-1;-1;0;1;147.346;-1
0;0;20.902;-32.4083;60.8161;8.5;-1;-1;-1;-1;-1;-1;0;1;34.0486;-1
0;0;24.2186;-12.5968;60.379;8.5;-1;-1;-1;-1;-1;-1;0;1;7.76734;-1
0;0;20.2363;2.81012;61.5041;8.5;-1;-1;-1;-1;-1;-1;0;1;118.817;-1
0;0;22.8782;19.7341;64.1221;10.3275;-1;-1;-1;-1;-1;-1;0;0;0;-1
0;0;21.7811;37.8287;63.5809;8.70203;-1;-1;-1;-1;-1;-1;0;0;0;-1
0;0;21.5281;53.1903;60.4003;8.5;-1;-1;-1;-1;-1;-1;0;1;26.3697;-1
0;0;22.0353;69.2106;61.3601;9.0674;-1;-1;-1;-1;-1;-1;0;0;0;-1
0;0;34.5453;-59.7545;63.523;8.5;-1;-1;-1;-1;-1;-1;0;1;112.539;-1
0;0;36.0974;-39.3648;63.1047;9.23923;-1;-1;-1;-1;-1;-1;0;0;0;-1
0;0;38.3798;-22.7661;61.8986;8.81792;-1;-1;-1;-1;-1;-1;0;0;0;-1
0;0;35.5579;-5.07251;62.4685;8.95321;-1;-1;-1;-1;-1;-1;0;0;0;-1
0;0;38.1451;12.6327;61.1186;9.45337;-1;-1;-1;-1;-1;-1;0;0;0;-1
0;0;38.1452;25.7211;60.2478;8.5;-1;-1;-1;-1;-1;-1;0;1;68.9076;-1
0;0;35.2731;43.3784;63.6578;9.23679;-1;-1;-1;-1;-1;-1;0;0;0;-1
0;0;38.7602;60.4519;63.3133;9.72555;-1;-1;-1;-1;-1;-1;0;0;0;-1
0;0;53.5871;-48.6113;61.6411;9.52246;-1;-1;-1;-1;-1;-1;0;0;0;-1
0;0;50.3103;-33.5035;60.8831;8.5;-1;-1;-1;-1;-1;-1;0;1;159.653;-1
0;0;50.7605;-15.3765;62.1088;9.58171;-1;-1;-1;-1;-1;-1;0;0;0;-1
0;0;49.9963;0.779865;62.7188;8.5;-1;-1;-1;-1;-1;-1;0;1;154.846;-1
0;0;50.0773;21.0699;60.9428;8.5;-1;-1;-1;-1;-1;-1;0;1;62.8404;-1
0;0;50.6534;34.5458;61.5393;9.8158;-1;-1;-1;-1;-1;-1;0;0;0;-1
0;0;53.5324;53.1159;62.6347;10.1404;-1;-1;-1;-1;-1;-1;0;0;0;-1
0;0;66.7858;-41.0678;60.5157;10.4293;-1;-1;-1;-1;-1;-1;0;0;0;-1
0;0;64.3171;-21.5007;62.1217;8.5;-1;-1;-1;-1;-1;-1;0;1;73.8582;-1
0;0;64.5769;-5.20585;61.6963;8.5;-1;-1;-1;-1;-1;-1;0;1;137.101;-1
0;0;66.6017;9.04052;60.4459;9.7064;-1;-1;-1;-1;-1;-1;0;0;0;-1
0;0;65.1252;25.0333;59.9684;8.80062;-1;-1;-1;-1;-1;-1;0;0;0;-1
0;0;-53.9146;-23.8645;75.5495;9.34551;-1;-1;-1;-1;-1;-1;0;0;0;-1
0;0;-56.5884;-4.71116;78.7377;8.5;-1;-1;-1;-1;-1;-1;0;1;38.8675;-1
0;0;-54.818;10.6116;75.8704;9.32397;-1;-1;-1;-1;-1;-1;0;0;0;-1
0;0;-56.3464;29.7098;74.5824;10.447;-1;-1;-1;-1;-1;-1;0;0;0;-1
0;0;-40.1293;-49.015;77.1215;8.5;-1;-1;-1;-1;-1;-1;0;1;146.628;-1
0;0;-42.4591;-30.4236;77.7586;8.79456;-1;-1;-1;-1;-1;-1;0;0;0;-1
0;0;-39.8545;-16.3263;74.8299;9.98709;-1;-1;-1;-1;-1;-1;0;0;0;-1
0;0;-40.1956;2.81048;78.0168;9.51488;-1;-1;-1;-1;-1;-1;0;0;0;-1
0;0;-41.6126;17.6694;74.6472;8.54694;-1;-1;-1;-1;-1;-1;0;0;0;-1
0;0;-39.2098;33.6238;76.4292;9.87209;-1;-1;-1;-1;-1;-1;0;0;0;-1
0;0;-24.3652;-54.9946;76.5493;9.73996;-1;-1;-1;-1;-1;-1;0;0;0;-1
0;0;-26.0439;-41.1659;74.599;9.02504;-1;-1;-1;-1;-1;-1;0;0;0;-1
0;0;-27.3554;-22.9358;76.6221;10.0637;-1;-1;-1;-1;-1;-1;0;0;0;-1
0;0;-26.856;-4.30947;78.0077;9.34698;-1;-1;-1;-1;-1;-1;0;0;0;-1
0;0;-24.7471;12.5854;77.6133;9.04555;-1;-1;-1;-1;-1;-1;0;0;0;-1
0;0;-25.8087;26.2918;76.9768;9.31413;-1;-1;-1;-1;-1;-1;0;0;0;-1
0;0;-25.0491;43.8721;77.5693;9.28589;-1;-1;-1;-1;-1;-1;0;0;0;-1
0;0;-9.46698;-47.6131;75.8249;8.80812;-1;-1;-1;-1;-1;-1;0;0;0;-1
0;0;-12.3968;-30.7706;76.5987;10.2266;-1;-1;-1;-1;-1;-1;0;0;0;-1
0;0;-12.8263;-16.4977;74.6776;9.40462;-1;-1;-1;-1;-1;-1;0;0;0;-1
0;0;-13.7528;0.198027;78.639;10.2202;-1;-1;-1;-1;-1;-1;0;0;0;-1
0;0;-11.2917;20.8164;78.3823;8.95194;-1;-1;-1;-1;-1;-1;0;0;0;-1
0;0;-10.1569;36.8383;76.185;10.0821;-1;-1;-1;-1;-1;-1;0;0;0;-1
0;0;-12.0406;51.1707;76.3332;9.93362;-1;-1;-1;-1;-1;-1;0;0;0;-1
0;0;3.76026;-58.7874;76.1981;10.3992;-1;-1;-1;-1;-1;-1;0;0;0;-1
0;0;0.936995;-42.5267;78.4634;8.5;-1;-1;-1;-1;-1;-1;0;1;131.359;-1
0;0;5.22424;-23.2556;76.0635;10.0445;-1;-1;-1;-1;-1;-1;0;0;0;-1
0;0;1.26752;-7.67026;78.57;9.92445;-1;-1;-1;-1;-1;-1;0;0;0;-1
0;0;3.3955;11.3514;77.9879;8.90179;-1;-1;-1;-1;-1;-1;0;0;0;-1
0;0;1.35145;27.7876;78.3272;9.65841;-1;-1;-1;-1;-1;-1;0;0;0;-1
0;0;2.01928;42.0197;76.4331;10.3015;-1;-1;-1;-1;-1;-1;0;0;0;-1
0;0;4.28453;61.4925;76.0805;9.70352;-1;-1;-1;-1;-1;-1;0;0;0;-1
0;0;16.4292;-49.7591;74.9634;8.82222;-1;-1;-1;-1;-1;-1;0;0;0;-1
0;0;17.5909;-30.5242;78.1975;9.94785;-1;-1;-1;-1;-1;-1;0;0;0;-1
0;0;18.7266;-13.0997;74.7269;9.11763;-1;-1;-1;-1;-1;-1;0;0;0;-1
0;0;16.7022;3.3771;76.3238;8.78297;-1;-1;-1;-1;-1;-1;0;0;0;-1
0;0;18.6365;20.6702;76.3276;8.5;-1;-1;-1;-1;-1;-1;0;1;121.986;-1
0;0;18.9475;33.7963;75.8855;10.0972;-1;-1;-1;-1;-1;-1;0;0;0;-1
0;0;18.8707;54.2949;76.23;9.59276;-1;-1;-1;-1;-1;-1;0;0;0;-1
0;0;32.6984;-40.1614;76.0334;10.1849;-1;-1;-1;-1;-1;-1;0;0;0;-1
0;0;30.9429;-23.1768;78.5555;10.1291;-1;-1;-1;-1;-1;-1;0;0;0;-1
0;0;31.2857;-6.05988;77.6066;8.5572;-1;-1;-1;-1;-1;-1;0;0;0;-1
0;0;32.4232;11.7389;76.1685;9.07028;-1;-1;-1;-1;-1;-1;0;0;0;-1
0;0;34.6042;28.3593;76.7079;10.3011;-1;-1;-1;-1;-1;-1;0;0;0;-1
0;0;30.7374;46.6825;77.9844;10.3268;-1;-1;-1;-1;-1;-1;0;0;0;-1
0;0;49.1914;-30.4388;78.7307;9.26179;-1;-1;-1;-1;-1;-1;0;0;0;-1
0;0;45.6804;-13.8415;75.0329;8.5304;-1;-1;-1;-1;-1;-1;0;0;0;-1
0;0;47.6028;0.345682;77.9713;8.55106;-1;-1;-1;-1;-1;-1;0;0;0;-1
0;0;48.3389;20.1085;74.8;9.58572;-1;-1;-1;-1;-1;-1;0;0;0;-1
0;0;49.0192;36.2619;77.4491;8.5;-1;-1;-1;-1;-1;-1;0;1;90.774;-1
0;0;60.417;-6.04777;78.5115;8.5;-1;-1;-1;-1;-1;-1;0;1;67.8668;-1
0;0;-36.2392;-15.759;89.4421;9.8315;-1;-1;-1;-1;-1;-1;0;0;0;-1
0;0;-36.5074;1.68876;90.9916;8.5;-1;-1;-1;-1;-1;-1;0;1;122.892;-1
0;0;-38.5393;16.8917;89.9126;10.0141;-1;-1;-1;-1;-1;-1;0;0;0;-1
0;0;-20.91;-24.5699;89.7274;10.4526;-1;-1;-1;-1;-1;-1;0;0;0;-1
0;0;-23.6763;-6.37268;92.9418;10.0382;-1;-1;-1;-1;-1;-1;0;0;0;-1
0;0;-22.8986;11.7681;89.2297;8.5;-1;-1;-1;-1;-1;-1;0;1;52.5586;-1
0;0;-21.5783;27.6846;93.3965;10.1704;-1;-1;-1;-1;-1;-1;0;0;0;-1
0;0;-7.64763;-31.347;90.5585;9.99572;-1;-1;-1;-1;-1;-1;0;0;0;-1
0;0;-8.66331;-13.9081;89.3492;9.49792;-1;-1;-1;-1;-1;-1;0;0;0;-1
0;0;-6.29881;0.956566;92.4755;9.92513;-1;-1;-1;-1;-1;-1;0;0;0;-1
0;0;-5.47827;19.2008;93.2362;10.3778;-1;-1;-1;-1;-1;-1;0;0;0;-1
0;0;-7.62661;34.9087;92.401;8.5;-1;-1;-1;-1;-1;-1;0;1;33.6425;-1
0;0;5.20829;-38.2988;92.1039;8.64182;-1;-1;-1;-1;-1;-1;0;0;0;-1
0;0;6.45184;-23.6029;92.0225;9.97299;-1;-1;-1;-1;-1;-1;0;0;0;-1
0;0;6.9948;-4.92843;91.3495;9.76217;-1;-1;-1;-1;-1;-1;0;0;0;-1
0;0;6.22652;10.8258;90.9693;9.29955;-1;-1;-1;-1;-1;-1;0;0;0;-1
0;0;5.518;28.5502;89.5488;9.47028;-1;-1;-1;-1;-1;-1;0;0;0;-1
0;0;23.5226;-31.8993;89.3932;8.5;-1;-1;-1;-1;-1;-1;0;1;122.766;-1
0;0;20.6108;-13.108;89.3247;8.96289;-1;-1;-1;-1;-1;-1;0;0;0;-1
0;0;22.6628;-0.207682;90.2156;8.56343;-1;-1;-1;-1;-1;-1;0;0;0;-1
0;0;20.0264;20.7919;90.8917;8.88242;-1;-1;-1;-1;-1;-1;0;0;0;-1
0;0;20.8702;36.709;90.1625;8.61361;-1;-1;-1;-1;-1;-1;0;0;0;-1
0;0;37.2156;-7.78745;89.5663;9.767;-1;-1;-1;-1;-1;-1;0;0;0;-1
0;0;35.4865;9.83066;91.1711;8.5238;-1;-1;-1;-1;-1;-1;0;0;0;-1
