%% Automatically generated initial file with PhysiCell_CreateInitFile executable
0;0;-46.7224;-10.734;-85.8637;10.0174;-1;-1;-1;-1;-1;-1;0;0;0;-1
0;0;-46.1765;7.86464;-82.7828;9.81311;-1;-1;-1;-1;-1;-1;0;0;0;-1
0;0;-31.2714;-37.4742;-84.3767;9.5;-1;-1;-1;-1;-1;-1;0;1;71.4215;-1
0;0;-30.7517;-19.2309;-82.8073;10.6359;-1;-1;-1;-1;-1;-1;0;0;0;-1
0;0;-34.221;-0.519185;-82.5303;9.78174;-1;-1;-1;-1;-1;-1;0;0;0;-1
0;0;-33.8116;18.4319;-84.4348;10.7948;-1;-1;-1;-1;-1;-1;0;0;0;-1
0;0;-32.8808;37.5081;-83.3945;10.8493;-1;-1;-1;-1;-1;-1;0;0;0;-1
0;0;-16.5453;-47.6004;-86.2896;9.54216;-1;-1;-1;-1;-1;-1;0;0;0;-1
0;0;-16.2855;-29.0109;-86.349;10.0711;-1;-1;-1;-1;-1;-1;0;0;0;-1
0;0;-15.9977;-9.8119;-82.2556;11.3853;-1;-1;-1;-1;-1;-1;0;0;0;-1
0;0;-18.1039;9.80267;-82.9567;10.1418;-1;-1;-1;-1;-1;-1;0;0;0;-1
0;0;-15.2852;26.1854;-84.3467;9.5;-1;-1;-1;-1;-1;-1;0;1;4.74711;-1
0;0;-18.4784;46.4933;-83.2826;10.6345;-1;-1;-1;-1;-1;-1;0;0;0;-1
0;0;-1.76836;-52.6844;-84.9211;10.4188;-1;-1;-1;-1;-1;-1;0;0;0;-1
0;0;-0.347022;-36.1291;-84.144;11.4115;-1;-1;-1;-1;-1;-1;0;0;0;-1
0;0;-1.00864;-16.3465;-85.8006;10.4402;-1;-1;-1;-1;-1;-1;0;0;0;-1
0;0;-0.350512;-1.4026;-84.9336;9.76823;-1;-1;-1;-1;-1;-1;0;0;0;-1
0;0;-0.753689;19.6105;-86.6335;11.4442;-1;-1;-1;-1;-1;-1;0;0;0;-1
0;0;-0.172966;33.8924;-83.9344;9.94757;-1;-1;-1;-1;-1;-1;0;0;0;-1
0;0;-2.4558;53.4081;-83.6133;10.2556;-1;-1;-1;-1;-1;-1;0;0;0;-1
0;0;14.6418;-45.9637;-85.4217;9.90047;-1;-1;-1;-1;-1;-1;0;0;0;-1
0;0;13.2839;-29.2355;-82.2235;11.1293;-1;-1;-1;-1;-1;-1;0;0;0;-1
0;0;12.7455;-9.83449;-84.3225;9.76452;-1;-1;-1;-1;-1;-1;0;0;0;-1
0;0;13.6006;10.5955;-86.2866;11.1552;-1;-1;-1;-1;-1;-1;0;0;0;-1
0;0;15.2383;28.8393;-85.2811;9.5;-1;-1;-1;-1;-1;-1;0;1;88.9947;-1
0;0;13.1429;46.1448;-86.5202;9.58161;-1;-1;-1;-1;-1;-1;0;0;0;-1
0;0;31.8906;-34.9397;-86.6042;10.6674;-1;-1;-1;-1;-1;-1;0;0;0;-1
0;0;29.7001;-17.2082;-86.5985;9.90248;-1;-1;-1;-1;-1;-1;0;0;0;-1
0;0;29.0643;0.788144;-82.4773;10.4046;-1;-1;-1;-1;-1;-1;0;0;0;-1
0;0;28.8156;15.335;-86.3216;10.1441;-1;-1;-1;-1;-1;-1;0;0;0;-1
0;0;31.1522;33.2066;-82.316;10.0323;-1;-1;-1;-1;-1;-1;0;0;0;-1
0;0;45.3247;-25.1676;-82.8626;9.77738;-1;-1;-1;-1;-1;-1;0;0;0;-1
0;0;45.8645;-11.7607;-84.8166;10.5795;-1;-1;-1;-1;-1;-1;0;0;0;-1
0;0;44.2976;5.70853;-83.1274;9.94387;-1;-1;-1;-1;-1;-1;0;0;0;-1
0;0;-67.4948;-7.98913;-67.4164;10.2257;-1;-1;-1;-1;-1;-1;0;0;0;-1
0;0;-69.6621;6.68633;-69.6341;10.8699;-1;-1;-1;-1;-1;-1;0;0;0;-1
0;0;-66.4153;26.9891;-69.176;9.73587;-1;-1;-1;-1;-1;-1;0;0;0;-1
0;0;-54.9232;-34.7903;-68.5928;11.4466;-1;-1;-1;-1;-1;-1;0;0;0;-1
0;0;-52.3987;-20.5938;-67.8956;9.73488;-1;-1;-1;-1;-1;-1;0;0;0;-1
0;0;-54.5838;-1.7607;-67.5235;9.5;-1;-1;-1;-1;-1;-1;0;1;124.836;-1
0;0;-51.3281;19.636;-67.809;9.88176;-1;-1;-1;-1;-1;-1;0;0;0;-1
0;0;-51.0026;37.7419;-68.1393;11.2298;-1;-1;-1;-1;-1;-1;0;0;0;-1
0;0;-37.2969;-61.933;-66.5222;10.2338;-1;-1;-1;-1;-1;-1;0;0;0;-1
0;0;-38.1756;-43.2008;-68.8552;10.8412;-1;-1;-1;-1;-1;-1;0;0;0;-1
0;0;-37.0534;-27.2864;-66.439;11.561;-1;-1;-1;-1;-1;-1;0;0;0;-1
0;0;-37.4119;-10.714;-68.0216;9.69032;-1;-1;-1;-1;-1;-1;0;0;0;-1
0;0;-38.2455;8.49678;-69.1431;9.70066;-1;-1;-1;-1;-1;-1;0;0;0;-1
0;0;-36.6177;24.6473;-67.2444;10.5925;-1;-1;-1;-1;-1;-1;0;0;0;-1
0;0;-36.3917;46.9251;-68.55;9.5;-1;-1;-1;-1;-1;-1;0;1;126.864;-1
0;0;-20.789;-52.1012;-70.9231;11.5623;-1;-1;-1;-1;-1;-1;0;0;0;-1
0;0;-22.3269;-35.7585;-67.7429;9.5;-1;-1;-1;-1;-1;-1;0;1;145.383;-1
0;0;-20.5006;-20.7289;-69.8647;9.76143;-1;-1;-1;-1;-1;-1;0;0;0;-1
0;0;-20.2836;1.4513;-70.3869;9.63068;-1;-1;-1;-1;-1;-1;0;0;0;-1
0;0;-21.6319;17.1552;-68.2531;9.5;-1;-1;-1;-1;-1;-1;0;1;39.0518;-1
0;0;-21.2044;33.6555;-70.51;10.9259;-1;-1;-1;-1;-1;-1;0;0;0;-1
0;0;-24.147;53.7378;-66.4313;9.5;-1;-1;-1;-1;-1;-1;0;1;134.448;-1
0;0;-23.6629;69.9416;-67.3746;9.5;-1;-1;-1;-1;-1;-1;0;1;159.831;-1
0;0;-4.47597;-66.6063;-67.4173;10.1969;-1;-1;-1;-1;-1;-1;0;0;0;-1
0;0;-4.59811;-45.4197;-70.3784;11.5776;-1;-1;-1;-1;-1;-1;0;0;0;-1
0;0;-5.57202;-25.6222;-66.8505;10.6295;-1;-1;-1;-1;-1;-1;0;0;0;-1
0;0;-8.06687;-9.55971;-67.5409;11.6629;-1;-1;-1;-1;-1;-1;0;0;0;-1
0;0;-7.06961;8.02284;-70.5213;9.5;-1;-1;-1;-1;-1;-1;0;1;102.754;-1
0;0;-5.39168;24.2937;-68.5608;11.1935;-1;-1;-1;-1;-1;-1;0;0;0;-1
0;0;-5.5048;42.5344;-70.741;11.1149;-1;-1;-1;-1;-1;-1;0;0;0;-1
0;0;-7.78029;62.3524;-67.2724;11.1462;-1;-1;-1;-1;-1;-1;0;0;0;-1
0;0;10.678;-51.9571;-67.0136;10.6934;-1;-1;-1;-1;-1;-1;0;0;0;-1
0;0;7.51926;-37.4451;-68.5918;9.5;-1;-1;-1;-1;-1;-1;0;1;64.155;-1
0;0;7.1125;-20.9515;-71.0424;10.0709;-1;-1;-1;-1;-1;-1;0;0;0;-1
0;0;7.31182;2.07609;-70.4665;10.9039;-1;-1;-1;-1;-1;-1;0;0;0;-1
0;0;9.19783;17.7124;-68.178;11.0714;-1;-1;-1;-1;-1;-1;0;0;0;-1
0;0;7.518;33.65;-68.2645;9.93768;-1;-1;-1;-1;-1;-1;0;0;0;-1
0;0;8.48112;53.1171;-69.4608;9.7027;-1;-1;-1;-1;-1;-1;0;0;0;-1
0;0;26.9625;-64.9747;-67.1247;10.4616;-1;-1;-1;-1;-1;-1;0;0;0;-1
0;0;26.1273;-46.393;-68.1542;11.4267;-1;-1;-1;-1;-1;-1;0;0;0;-1
0;0;24.0735;-25.8002;-68.078;9.5;-1;-1;-1;-1;-1;-1;0;1;133.396;-1
0;0;26.2373;-9.68697;-69.7412;9.5;-1;-1;-1;-1;-1;-1;0;1;112.424;-1
0;0;25.9734;10.7368;-69.2532;11.0255;-1;-1;-1;-1;-1;-1;0;0;0;-1
0;0;24.4848;27.4535;-67.2496;10.7541;-1;-1;-1;-1;-1;-1;0;0;0;-1
0;0;24.872;45.6434;-66.4508;11.62;-1;-1;-1;-1;-1;-1;0;0;0;-1
0;0;23.6141;64.2813;-66.7849;9.5;-1;-1;-1;-1;-1;-1;0;1;29.8502;-1
0;0;39.9009;-55.7103;-70.0896;9.63677;-1;-1;-1;-1;-1;-1;0;0;0;-1
0;0;40.2481;-33.832;-66.933;11.1475;-1;-1;-1;-1;-1;-1;0;0;0;-1
0;0;41.6728;-20.1677;-69.1519;9.5;-1;-1;-1;-1;-1;-1;0;1;114.509;-1
0;0;38.8108;-2.73269;-67.1316;10.5309;-1;-1;-1;-1;-1;-1;0;0;0;-1
0;0;42.6647;16.4276;-66.4667;11.5306;-1;-1;-1;-1;-1;-1;0;0;0;-1
0;0;38.7531;37.6395;-68.2273;11.197;-1;-1;-1;-1;-1;-1;0;0;0;-1
0;0;39.5558;53.6208;-70.0868;10.9447;-1;-1;-1;-1;-1;-1;0;0;0;-1
0;0;54.2892;-44.2464;-68.6263;10.124;-1;-1;-1;-1;-1;-1;0;0;0;-1
0;0;56.0979;-27.4221;-69.959;10.2268;-1;-1;-1;-1;-1;-1;0;0;0;-1
0;0;56.3194;-8.3654;-66.5262;9.73447;-1;-1;-1;-1;-1;-1;0;0;0;-1
0;0;55.7032;8.77515;-70.5579;10.8029;-1;-1;-1;-1;-1;-1;0;0;0;-1
0;0;54.8995;28.3836;-67.2194;10.5259;-1;-1;-1;-1;-1;-1;0;0;0;-1
0;0;55.8876;46.4927;-67.6429;9.5;-1;-1;-1;-1;-1;-1;0;1;18.0689;-1
0;0;70.2591;-18.3221;-66.7406;10.0006;-1;-1;-1;-1;-1;-1;0;0;0;-1
0;0;70.0672;-2.63169;-66.6189;9.5;-1;-1;-1;-1;-1;-1;0;1;85.8568;-1
0;0;-78.8922;-8.18233;-51.6226;10.1395;-1;-1;-1;-1;-1;-1;0;0;0;-1
0;0;-78.2839;10.6988;-53.4421;10.1899;-1;-1;-1;-1;-1;-1;0;0;0;-1
0;0;-80.1186;25.671;-51.6315;10.6615;-1;-1;-1;-1;-1;-1;0;0;0;-1
0;0;-63.2253;-53.2428;-53.6183;10.3409;-1;-1;-1;-1;-1;-1;0;0;0;-1
0;0;-65.1613;-34.862;-55.4421;10.6719;-1;-1;-1;-1;-1;-1;0;0;0;-1
0;0;-62.677;-19.391;-55.4297;9.5;-1;-1;-1;-1;-1;-1;0;1;116.474;-1
0;0;-66.2264;-2.38876;-52.4926;9.57321;-1;-1;-1;-1;-1;-1;0;0;0;-1
0;0;-64.6173;20.0349;-52.1594;10.2251;-1;-1;-1;-1;-1;-1;0;0;0;-1
0;0;-65.7726;37.5498;-52.0039;10.7933;-1;-1;-1;-1;-1;-1;0;0;0;-1
0;0;-65.4416;54.4604;-52.2026;11.4255;-1;-1;-1;-1;-1;-1;0;0;0;-1
0;0;-47.2369;-62.8735;-51.9947;10.4345;-1;-1;-1;-1;-1;-1;0;0;0;-1
0;0;-48.9887;-46.4179;-53.3231;10.7142;-1;-1;-1;-1;-1;-1;0;0;0;-1
0;0;-49.6623;-29.3128;-52.8579;9.5;-1;-1;-1;-1;-1;-1;0;1;44.8775;-1
0;0;-49.4875;-8.73504;-51.5534;9.93253;-1;-1;-1;-1;-1;-1;0;0;0;-1
0;0;-49.5469;10.2745;-52.4655;10.5663;-1;-1;-1;-1;-1;-1;0;0;0;-1
0;0;-50.3019;28.1569;-52.2714;9.64255;-1;-1;-1;-1;-1;-1;0;0;0;-1
0;0;-49.7328;43.443;-54.169;11.63;-1;-1;-1;-1;-1;-1;0;0;0;-1
0;0;-49.7924;64.2918;-53.5025;9.85332;-1;-1;-1;-1;-1;-1;0;0;0;-1
0;0;-31.3967;-73.4306;-55.1025;10.0644;-1;-1;-1;-1;-1;-1;0;0;0;-1
0;0;-31.81;-53.7258;-53.2918;11.2197;-1;-1;-1;-1;-1;-1;0;0;0;-1
0;0;-34.215;-37.6168;-52.0756;9.5;-1;-1;-1;-1;-1;-1;0;1;10.8476;-1
0;0;-31.4602;-18.881;-55.1726;11.5863;-1;-1;-1;-1;-1;-1;0;0;0;-1
0;0;-31.4756;-0.580931;-51.5488;10.4008;-1;-1;-1;-1;-1;-1;0;0;0;-1
0;0;-33.2758;17.8616;-54.2237;10.273;-1;-1;-1;-1;-1;-1;0;0;0;-1
0;0;-32.8776;33.817;-54.1494;10.5648;-1;-1;-1;-1;-1;-1;0;0;0;-1
0;0;-34.7957;54.1516;-54.8302;10.4817;-1;-1;-1;-1;-1;-1;0;0;0;-1
0;0;-30.6096;71.8559;-53.1476;11.4046;-1;-1;-1;-1;-1;-1;0;0;0;-1
0;0;-18.011;-80.2621;-52.6585;9.57549;-1;-1;-1;-1;-1;-1;0;0;0;-1
0;0;-16.2104;-62.686;-53.0032;9.5;-1;-1;-1;-1;-1;-1;0;1;70.9626;-1
0;0;-17.1655;-45.9386;-51.241;9.52084;-1;-1;-1;-1;-1;-1;0;0;0;-1
0;0;-17.7877;-25.5477;-53.771;10.9022;-1;-1;-1;-1;-1;-1;0;0;0;-1
0;0;-18.5562;-9.53678;-54.6435;10.6302;-1;-1;-1;-1;-1;-1;0;0;0;-1
0;0;-19.2027;6.55778;-51.4727;10.4811;-1;-1;-1;-1;-1;-1;0;0;0;-1
0;0;-16.6298;24.4128;-54.0784;9.96562;-1;-1;-1;-1;-1;-1;0;0;0;-1
0;0;-14.9537;44.9772;-54.2682;10.9373;-1;-1;-1;-1;-1;-1;0;0;0;-1
0;0;-19.2138;60.1407;-50.8484;11.6831;-1;-1;-1;-1;-1;-1;0;0;0;-1
0;0;-15.7638;81.8945;-52.5296;11.1895;-1;-1;-1;-1;-1;-1;0;0;0;-1
0;0;0.714087;-74.3523;-52.329;9.85153;-1;-1;-1;-1;-1;-1;0;0;0;-1
0;0;-3.22172;-54.6397;-52.8407;11.5042;-1;-1;-1;-1;-1;-1;0;0;0;-1
0;0;-2.02168;-36.4491;-54.2187;9.5;-1;-1;-1;-1;-1;-1;0;1;33.3664;-1
0;0;-3.07412;-18.4209;-54.6537;9.68831;-1;-1;-1;-1;-1;-1;0;0;0;-1
0;0;-3.64622;-2.29916;-53.7741;10.8605;-1;-1;-1;-1;-1;-1;0;0;0;-1
0;0;-3.37405;16.6287;-54.8011;10.277;-1;-1;-1;-1;-1;-1;0;0;0;-1
0;0;-3.17912;36.2013;-52.902;10.8084;-1;-1;-1;-1;-1;-1;0;0;0;-1
0;0;-2.40402;51.5492;-51.3226;9.57689;-1;-1;-1;-1;-1;-1;0;0;0;-1
0;0;-3.37241;70.8745;-52.9008;9.5;-1;-1;-1;-1;-1;-1;0;1;149.642;-1
0;0;12.9453;-64.9606;-51.5034;10.0798;-1;-1;-1;-1;-1;-1;0;0;0;-1
0;0;12.3862;-45.3641;-52.0773;9.5;-1;-1;-1;-1;-1;-1;0;1;156.579;-1
0;0;14.9154;-26.4366;-53.662;11.211;-1;-1;-1;-1;-1;-1;0;0;0;-1
0;0;13.9711;-8.43012;-50.8343;9.91979;-1;-1;-1;-1;-1;-1;0;0;0;-1
0;0;13.6807;10.1074;-53.4691;10.5045;-1;-1;-1;-1;-1;-1;0;0;0;-1
0;0;13.1001;25.4422;-52.8343;10.7033;-1;-1;-1;-1;-1;-1;0;0;0;-1
0;0;14.951;42.3196;-54.2625;9.69354;-1;-1;-1;-1;-1;-1;0;0;0;-1
0;0;15.3979;63.3024;-54.7463;11.0064;-1;-1;-1;-1;-1;-1;0;0;0;-1
0;0;15.9108;80.2777;-54.8307;11.6025;-1;-1;-1;-1;-1;-1;0;0;0;-1
0;0;31.4524;-73.0482;-52.8818;9.69161;-1;-1;-1;-1;-1;-1;0;0;0;-1
0;0;31.4767;-56.3298;-55.3011;10.527;-1;-1;-1;-1;-1;-1;0;0;0;-1
0;0;28.425;-34.3165;-51.2479;11.4789;-1;-1;-1;-1;-1;-1;0;0;0;-1
0;0;30.6914;-17.5323;-54.4397;9.79027;-1;-1;-1;-1;-1;-1;0;0;0;-1
0;0;30.6938;-1.4452;-53.8648;10.7686;-1;-1;-1;-1;-1;-1;0;0;0;-1
0;0;30.8;17.4015;-50.823;9.74095;-1;-1;-1;-1;-1;-1;0;0;0;-1
0;0;31.8609;35.8547;-54.1565;9.90854;-1;-1;-1;-1;-1;-1;0;0;0;-1
0;0;28.1728;53.9513;-51.7171;9.67451;-1;-1;-1;-1;-1;-1;0;0;0;-1
0;0;31.6526;72.2262;-55.3841;11.2512;-1;-1;-1;-1;-1;-1;0;0;0;-1
0;0;43.2627;-62.1903;-51.217;9.98695;-1;-1;-1;-1;-1;-1;0;0;0;-1
0;0;46.2541;-48.3705;-54.1853;10.6313;-1;-1;-1;-1;-1;-1;0;0;0;-1
0;0;47.13;-29.2428;-55.1755;9.5;-1;-1;-1;-1;-1;-1;0;1;156.599;-1
0;0;44.5992;-7.39393;-54.5109;9.5;-1;-1;-1;-1;-1;-1;0;1;160.306;-1
0;0;43.4118;6.86759;-51.7844;11.1245;-1;-1;-1;-1;-1;-1;0;0;0;-1
0;0;46.1017;24.3874;-54.928;10.1147;-1;-1;-1;-1;-1;-1;0;0;0;-1
0;0;43.1584;45.0441;-53.1856;11.1173;-1;-1;-1;-1;-1;-1;0;0;0;-1
0;0;47.1906;63.7867;-52.8242;9.5;-1;-1;-1;-1;-1;-1;0;1;79.6171;-1
0;0;62.0157;-53.2395;-53.1056;10.0991;-1;-1;-1;-1;-1;-1;0;0;0;-1
0;0;62.6643;-34.3535;-53.1839;9.5;-1;-1;-1;-1;-1;-1;0;1;120.108;-1
0;0;62.0812;-18.1197;-53.9055;11.3671;-1;-1;-1;-1;-1;-1;0;0;0;-1
0;0;59.2329;-0.927337;-51.5928;10.5157;-1;-1;-1;-1;-1;-1;0;0;0;-1
0;0;62.1743;15.2144;-54.4167;10.2532;-1;-1;-1;-1;-1;-1;0;0;0;-1
0;0;62.6352;36.3747;-53.9885;9.5;-1;-1;-1;-1;-1;-1;0;1;63.827;-1
0;0;60.0993;56.4696;-55.0095;10.1474;-1;-1;-1;-1;-1;-1;0;0;0;-1
0;0;78.6059;-27.8481;-52.0544;10.6473;-1;-1;-1;-1;-1;-1;0;0;0;-1
0;0;74.6617;-8.61108;-50.9159;9.5;-1;-1;-1;-1;-1;-1;0;1;25.4859;-1
0;0;75.9641;7.10919;-53.8759;10.6341;-1;-1;-1;-1;-1;-1;0;0;0;-1
0;0;76.0762;24.5605;-54.1766;11.6744;-1;-1;-1;-1;-1;-1;0;0;0;-1
0;0;-83.3947;-35.2933;-36.2652;9.54194;-1;-1;-1;-1;-1;-1;0;0;0;-1
0;0;-85.3926;-18.5299;-39.5148;9.98197;-1;-1;-1;-1;-1;-1;0;0;0;-1
0;0;-85.2548;1.35205;-36.3846;11.0004;-1;-1;-1;-1;-1;-1;0;0;0;-1
0;0;-83.5843;19.6827;-36.9443;9.52037;-1;-1;-1;-1;-1;-1;0;0;0;-1
0;0;-85.7008;33.6224;-37.5716;10.0441;-1;-1;-1;-1;-1;-1;0;0;0;-1
0;0;-68.1827;-45.919;-36.6096;10.9405;-1;-1;-1;-1;-1;-1;0;0;0;-1
0;0;-70.3036;-25.7266;-37.6029;10.6896;-1;-1;-1;-1;-1;-1;0;0;0;-1
0;0;-71.0672;-10.1461;-35.761;9.5;-1;-1;-1;-1;-1;-1;0;1;19.072;-1
0;0;-69.7361;6.45772;-35.7544;9.5;-1;-1;-1;-1;-1;-1;0;1;63.2073;-1
0;0;-68.8827;24.465;-36.4306;11.6678;-1;-1;-1;-1;-1;-1;0;0;0;-1
0;0;-68.1924;43.1285;-38.4557;11.3753;-1;-1;-1;-1;-1;-1;0;0;0;-1
0;0;-54.9757;-70.638;-38.4056;9.5;-1;-1;-1;-1;-1;-1;0;1;84.7727;-1
0;0;-53.3007;-53.7386;-35.5814;10.3996;-1;-1;-1;-1;-1;-1;0;0;0;-1
0;0;-54.1049;-37.0034;-35.6413;9.57943;-1;-1;-1;-1;-1;-1;0;0;0;-1
0;0;-53.9691;-20.4047;-37.6891;11.6614;-1;-1;-1;-1;-1;-1;0;0;0;-1
0;0;-54.4729;1.96645;-35.3603;9.5;-1;-1;-1;-1;-1;-1;0;1;127.611;-1
0;0;-55.0647;18.6738;-39.5002;9.5;-1;-1;-1;-1;-1;-1;0;1;90.2042;-1
0;0;-52.0741;35.6718;-39.3986;11.3754;-1;-1;-1;-1;-1;-1;0;0;0;-1
0;0;-51.1447;56.5338;-38.0374;11.2134;-1;-1;-1;-1;-1;-1;0;0;0;-1
0;0;-54.9363;69.7472;-37.7348;11.3923;-1;-1;-1;-1;-1;-1;0;0;0;-1
0;0;-36.0943;-81.6933;-39.8023;10.168;-1;-1;-1;-1;-1;-1;0;0;0;-1
0;0;-37.3639;-64.7727;-36.3105;9.66262;-1;-1;-1;-1;-1;-1;0;0;0;-1
0;0;-39.7287;-47.2694;-35.4234;10.3778;-1;-1;-1;-1;-1;-1;0;0;0;-1
0;0;-39.1476;-25.719;-37.4554;10.4687;-1;-1;-1;-1;-1;-1;0;0;0;-1
0;0;-35.2715;-12.1074;-38.3462;10.0497;-1;-1;-1;-1;-1;-1;0;0;0;-1
0;0;-38.8265;6.32358;-36.7732;9.58849;-1;-1;-1;-1;-1;-1;0;0;0;-1
0;0;-38.4733;27.8071;-38.1607;10.0308;-1;-1;-1;-1;-1;-1;0;0;0;-1
0;0;-38.9798;43.6578;-35.9311;9.5;-1;-1;-1;-1;-1;-1;0;1;131.823;-1
0;0;-38.0871;60.1367;-37.7998;9.72094;-1;-1;-1;-1;-1;-1;0;0;0;-1
0;0;-36.1708;80.4947;-36.6522;9.5;-1;-1;-1;-1;-1;-1;0;1;16.678;-1
0;0;-21.4994;-89.7298;-36.3471;9.5;-1;-1;-1;-1;-1;-1;0;1;117.691;-1
0;0;-20.6094;-74.2028;-35.4846;10.2701;-1;-1;-1;-1;-1;-1;0;0;0;-1
0;0;-20.3586;-52.4885;-38.0546;11.1369;-1;-1;-1;-1;-1;-1;0;0;0;-1
0;0;-23.8986;-38.7722;-36.9863;10.4263;-1;-1;-1;-1;-1;-1;0;0;0;-1
0;0;-23.9819;-18.1711;-35.7309;10.9681;-1;-1;-1;-1;-1;-1;0;0;0;-1
0;0;-21.3444;0.315774;-38.2891;11.332;-1;-1;-1;-1;-1;-1;0;0;0;-1
0;0;-20.3546;18.8517;-37.9668;9.90933;-1;-1;-1;-1;-1;-1;0;0;0;-1
0;0;-20.0679;37.0109;-37.3422;10.6771;-1;-1;-1;-1;-1;-1;0;0;0;-1
0;0;-20.3666;55.3594;-36.5484;9.5537;-1;-1;-1;-1;-1;-1;0;0;0;-1
0;0;-23.3242;69.4402;-37.0342;10.2882;-1;-1;-1;-1;-1;-1;0;0;0;-1
0;0;-8.41326;-80.6994;-37.4746;10.2345;-1;-1;-1;-1;-1;-1;0;0;0;-1
0;0;-5.06883;-66.1963;-35.2984;9.5;-1;-1;-1;-1;-1;-1;0;1;22.8194;-1
0;0;-5.91763;-43.8412;-39.1894;11.0987;-1;-1;-1;-1;-1;-1;0;0;0;-1
0;0;-6.13181;-26.0176;-37.1804;9.5;-1;-1;-1;-1;-1;-1;0;1;74.3126;-1
0;0;-8.09999;-10.2949;-35.345;9.94313;-1;-1;-1;-1;-1;-1;0;0;0;-1
0;0;-6.98905;7.45345;-38.6167;11.663;-1;-1;-1;-1;-1;-1;0;0;0;-1
0;0;-5.33354;26.8808;-37.089;9.5;-1;-1;-1;-1;-1;-1;0;1;43.8971;-1
0;0;-4.19068;45.7226;-38.7433;11.2424;-1;-1;-1;-1;-1;-1;0;0;0;-1
0;0;-5.21406;62.6045;-37.9442;10.886;-1;-1;-1;-1;-1;-1;0;0;0;-1
0;0;-4.84058;81.7526;-37.2488;11.6409;-1;-1;-1;-1;-1;-1;0;0;0;-1
0;0;11.4662;-89.8125;-36.3826;10.7965;-1;-1;-1;-1;-1;-1;0;0;0;-1
0;0;8.42008;-72.7585;-36.7826;10.0915;-1;-1;-1;-1;-1;-1;0;0;0;-1
0;0;10.6413;-53.0158;-39.2079;9.5;-1;-1;-1;-1;-1;-1;0;1;99.3186;-1
0;0;11.7374;-34.0837;-36.9111;10.5307;-1;-1;-1;-1;-1;-1;0;0;0;-1
0;0;7.20444;-17.9101;-36.3889;9.5;-1;-1;-1;-1;-1;-1;0;1;60.7099;-1
0;0;9.0502;-0.249518;-39.332;10.3835;-1;-1;-1;-1;-1;-1;0;0;0;-1
0;0;8.86593;16.1335;-39.2894;9.90769;-1;-1;-1;-1;-1;-1;0;0;0;-1
0;0;7.07946;37.7612;-37.8745;11.527;-1;-1;-1;-1;-1;-1;0;0;0;-1
0;0;9.90945;54.6384;-37.8088;9.79703;-1;-1;-1;-1;-1;-1;0;0;0;-1
0;0;8.53829;69.5302;-35.8846;9.5;-1;-1;-1;-1;-1;-1;0;1;37.9697;-1
0;0;9.6769;90.1799;-37.6243;9.73794;-1;-1;-1;-1;-1;-1;0;0;0;-1
0;0;24.1249;-82.3827;-38.6373;9.86202;-1;-1;-1;-1;-1;-1;0;0;0;-1
0;0;26.8086;-64.0082;-36.9096;10.1711;-1;-1;-1;-1;-1;-1;0;0;0;-1
0;0;23.6092;-47.6419;-36.7983;10.0872;-1;-1;-1;-1;-1;-1;0;0;0;-1
0;0;24.9697;-29.9797;-38.3654;10.8271;-1;-1;-1;-1;-1;-1;0;0;0;-1
0;0;23.6544;-7.76713;-37.7429;10.8586;-1;-1;-1;-1;-1;-1;0;0;0;-1
0;0;26.5989;7.76913;-38.1585;10.1075;-1;-1;-1;-1;-1;-1;0;0;0;-1
0;0;24.4381;25.763;-36.9369;11.5117;-1;-1;-1;-1;-1;-1;0;0;0;-1
0;0;24.8103;43.2719;-37.5097;11.5511;-1;-1;-1;-1;-1;-1;0;0;0;-1
0;0;26.6353;62.9294;-38.4656;11.5776;-1;-1;-1;-1;-1;-1;0;0;0;-1
0;0;23.6764;78.5958;-35.9343;11.2223;-1;-1;-1;-1;-1;-1;0;0;0;-1
0;0;42.7748;-72.5665;-37.4451;11.5711;-1;-1;-1;-1;-1;-1;0;0;0;-1
0;0;40.7135;-52.9588;-38.6692;11.4273;-1;-1;-1;-1;-1;-1;0;0;0;-1
0;0;42.7274;-34.2538;-39.1358;9.5;-1;-1;-1;-1;-1;-1;0;1;128.707;-1
0;0;39.5248;-17.8097;-35.8936;9.5;-1;-1;-1;-1;-1;-1;0;1;87.5041;-1
0;0;42.5709;0.685103;-37.8903;10.3622;-1;-1;-1;-1;-1;-1;0;0;0;-1
0;0;38.5033;17.3107;-38.1257;10.4921;-1;-1;-1;-1;-1;-1;0;0;0;-1
0;0;42.3742;36.4559;-35.2787;11.5073;-1;-1;-1;-1;-1;-1;0;0;0;-1
0;0;40.8359;56.1339;-36.4822;9.85993;-1;-1;-1;-1;-1;-1;0;0;0;-1
0;0;38.7327;72.5852;-36.9374;11.6128;-1;-1;-1;-1;-1;-1;0;0;0;-1
0;0;55.1598;-66.2378;-36.2527;11.4123;-1;-1;-1;-1;-1;-1;0;0;0;-1
0;0;57.9977;-46.483;-36.8009;10.5318;-1;-1;-1;-1;-1;-1;0;0;0;-1
0;0;54.2575;-29.3861;-35.1964;9.5;-1;-1;-1;-1;-1;-1;0;1;84.8849;-1
0;0;57.6546;-10.8489;-39.209;11.1387;-1;-1;-1;-1;-1;-1;0;0;0;-1
0;0;56.4977;8.82715;-35.15;10.1232;-1;-1;-1;-1;-1;-1;0;0;0;-1
0;0;55.7374;24.4464;-36.5282;10.9565;-1;-1;-1;-1;-1;-1;0;0;0;-1
0;0;57.0533;42.8619;-35.3029;10.5316;-1;-1;-1;-1;-1;-1;0;0;0;-1
0;0;56.1766;62.1332;-36.7983;11.3149;-1;-1;-1;-1;-1;-1;0;0;0;-1
0;0;74.071;-52.26;-38.4777;10.2344;-1;-1;-1;-1;-1;-1;0;0;0;-1
0;0;69.8193;-37.8978;-37.5132;9.67878;-1;-1;-1;-1;-1;-1;0;0;0;-1
0;0;73.8203;-20.0273;-39.3167;9.67288;-1;-1;-1;-1;-1;-1;0;0;0;-1
0;0;71.9753;-1.13999;-37.8536;9.86835;-1;-1;-1;-1;-1;-1;0;0;0;-1
0;0;72.3542;17.9216;-35.4009;10.284;-1;-1;-1;-1;-1;-1;0;0;0;-1
0;0;73.8465;34.0476;-37.8847;9.90849;-1;-1;-1;-1;-1;-1;0;0;0;-1
0;0;70.7504;55.9914;-38.2007;10.7191;-1;-1;-1;-1;-1;-1;0;0;0;-1
0;0;85.9245;-29.5164;-35.9071;9.5;-1;-1;-1;-1;-1;-1;0;1;158.745;-1
0;0;89.0982;-12.0521;-39.2108;9.62047;-1;-1;-1;-1;-1;-1;0;0;0;-1
0;0;86.1897;8.00522;-38.3973;11.4578;-1;-1;-1;-1;-1;-1;0;0;0;-1
0;0;-96.2742;-1.63408;-19.643;9.5;-1;-1;-1;-1;-1;-1;0;1;21.4475;-1
0;0;-81.4547;-46.55;-19.6743;10.8602;-1;-1;-1;-1;-1;-1;0;0;0;-1
0;0;-80.2917;-25.7124;-20.6466;9.5;-1;-1;-1;-1;-1;-1;0;1;62.7771;-1
0;0;-79.3451;-8.51291;-23.3991;11.4148;-1;-1;-1;-1;-1;-1;0;0;0;-1
0;0;-79.7811;9.90507;-22.1389;10.7226;-1;-1;-1;-1;-1;-1;0;0;0;-1
0;0;-81.9533;23.6753;-21.6195;11.3646;-1;-1;-1;-1;-1;-1;0;0;0;-1
0;0;-81.9362;41.8139;-22.8126;9.5;-1;-1;-1;-1;-1;-1;0;1;125.913;-1
0;0;-64.2233;-71.6574;-23.9007;10.1834;-1;-1;-1;-1;-1;-1;0;0;0;-1
0;0;-63.4748;-55.0259;-19.7295;10.8845;-1;-1;-1;-1;-1;-1;0;0;0;-1
0;0;-61.6654;-33.7881;-23.2438;11.6812;-1;-1;-1;-1;-1;-1;0;0;0;-1
0;0;-64.411;-20.4526;-23.9936;11.3616;-1;-1;-1;-1;-1;-1;0;0;0;-1
0;0;-62.8811;-1.47556;-20.8294;9.5;-1;-1;-1;-1;-1;-1;0;1;144.563;-1
0;0;-62.2633;18.5299;-19.5148;11.2119;-1;-1;-1;-1;-1;-1;0;0;0;-1
0;0;-62.9022;36.4587;-21.3853;11.2899;-1;-1;-1;-1;-1;-1;0;0;0;-1
0;0;-63.3894;51.4997;-20.3272;10.7406;-1;-1;-1;-1;-1;-1;0;0;0;-1
0;0;-62.3695;73.2912;-20.8925;10.7935;-1;-1;-1;-1;-1;-1;0;0;0;-1
0;0;-48.8919;-83.567;-22.4879;10.4878;-1;-1;-1;-1;-1;-1;0;0;0;-1
0;0;-46.7451;-62.7685;-23.6496;11.1734;-1;-1;-1;-1;-1;-1;0;0;0;-1
0;0;-50.6665;-44.6178;-21.5229;10.0316;-1;-1;-1;-1;-1;-1;0;0;0;-1
0;0;-48.5992;-26.6676;-21.5413;9.5;-1;-1;-1;-1;-1;-1;0;1;17.6908;-1
0;0;-47.6186;-12.2958;-20.0825;9.5;-1;-1;-1;-1;-1;-1;0;1;89.8741;-1
0;0;-47.3694;8.52639;-22.1737;11.0155;-1;-1;-1;-1;-1;-1;0;0;0;-1
0;0;-47.1682;26.5758;-23.5331;10.1603;-1;-1;-1;-1;-1;-1;0;0;0;-1
0;0;-50.4465;42.9051;-21.4368;9.5;-1;-1;-1;-1;-1;-1;0;1;12.3046;-1
0;0;-50.6372;61.601;-22.0445;11.0977;-1;-1;-1;-1;-1;-1;0;0;0;-1
0;0;-47.0047;78.4614;-23.8226;10.2042;-1;-1;-1;-1;-1;-1;0;0;0;-1
0;0;-34.6384;-74.3058;-21.2771;11.3665;-1;-1;-1;-1;-1;-1;0;0;0;-1
0;0;-34.8855;-54.204;-24.046;10.1559;-1;-1;-1;-1;-1;-1;0;0;0;-1
0;0;-32.6667;-37.0258;-23.0073;10.3441;-1;-1;-1;-1;-1;-1;0;0;0;-1
0;0;-32.9502;-20.2653;-21.5607;10.038;-1;-1;-1;-1;-1;-1;0;0;0;-1
0;0;-34.8081;2.20194;-21.0203;10.6763;-1;-1;-1;-1;-1;-1;0;0;0;-1
0;0;-34.3222;16.15;-20.8619;9.73072;-1;-1;-1;-1;-1;-1;0;0;0;-1
0;0;-30.5435;35.7657;-20.5165;11.6511;-1;-1;-1;-1;-1;-1;0;0;0;-1
0;0;-31.1982;55.3916;-23.6559;10.1047;-1;-1;-1;-1;-1;-1;0;0;0;-1
0;0;-34.7661;70.7269;-23.5144;9.97903;-1;-1;-1;-1;-1;-1;0;0;0;-1
0;0;-35.0131;89.4396;-22.6257;9.91389;-1;-1;-1;-1;-1;-1;0;0;0;-1
0;0;-18.8353;-83.0243;-22.9545;11.6062;-1;-1;-1;-1;-1;-1;0;0;0;-1
0;0;-15.8233;-65.8562;-22.9345;9.87702;-1;-1;-1;-1;-1;-1;0;0;0;-1
0;0;-16.7129;-43.7132;-23.6322;9.70551;-1;-1;-1;-1;-1;-1;0;0;0;-1
0;0;-18.3245;-29.2198;-24.0504;9.5;-1;-1;-1;-1;-1;-1;0;1;51.1455;-1
0;0;-18.0517;-9.68065;-21.4001;11.3899;-1;-1;-1;-1;-1;-1;0;0;0;-1
0;0;-17.6327;8.87079;-19.7171;10.746;-1;-1;-1;-1;-1;-1;0;0;0;-1
0;0;-15.5234;25.9995;-19.9439;10.4665;-1;-1;-1;-1;-1;-1;0;0;0;-1
0;0;-16.8511;42.2228;-20.4108;10.6752;-1;-1;-1;-1;-1;-1;0;0;0;-1
0;0;-18.9448;60.624;-21.2046;9.55835;-1;-1;-1;-1;-1;-1;0;0;0;-1
0;0;-15.6745;81.1724;-19.9708;10.3945;-1;-1;-1;-1;-1;-1;0;0;0;-1
0;0;-2.66015;-90.8903;-23.938;10.6848;-1;-1;-1;-1;-1;-1;0;0;0;-1
0;0;-2.85023;-72.0495;-22.5757;11.1534;-1;-1;-1;-1;-1;-1;0;0;0;-1
0;0;-3.73176;-55.7751;-20.1916;10.5474;-1;-1;-1;-1;-1;-1;0;0;0;-1
0;0;-2.44249;-35.9548;-20.7626;10.6524;-1;-1;-1;-1;-1;-1;0;0;0;-1
0;0;-2.19738;-17.5771;-23.0995;9.75099;-1;-1;-1;-1;-1;-1;0;0;0;-1
0;0;-2.95368;2.03121;-19.5935;10.0173;-1;-1;-1;-1;-1;-1;0;0;0;-1
0;0;-0.116415;15.7242;-20.1215;9.68504;-1;-1;-1;-1;-1;-1;0;0;0;-1
0;0;-3.76235;38.4592;-23.0416;11.1737;-1;-1;-1;-1;-1;-1;0;0;0;-1
0;0;-1.52547;53.4452;-20.0357;9.90233;-1;-1;-1;-1;-1;-1;0;0;0;-1
0;0;-0.0196739;69.9442;-23.3614;9.73551;-1;-1;-1;-1;-1;-1;0;0;0;-1
0;0;-0.687708;89.8984;-19.8534;9.50145;-1;-1;-1;-1;-1;-1;0;0;0;-1
0;0;16.209;-83.9227;-24.1313;9.77309;-1;-1;-1;-1;-1;-1;0;0;0;-1
0;0;15.1118;-63.7099;-21.4025;10.1631;-1;-1;-1;-1;-1;-1;0;0;0;-1
0;0;13.3679;-47.8572;-22.0266;10.4122;-1;-1;-1;-1;-1;-1;0;0;0;-1
0;0;12.1107;-27.1504;-22.4093;11.011;-1;-1;-1;-1;-1;-1;0;0;0;-1
0;0;14.4403;-10.3049;-22.401;10.241;-1;-1;-1;-1;-1;-1;0;0;0;-1
0;0;13.4399;9.41976;-21.7276;11.1248;-1;-1;-1;-1;-1;-1;0;0;0;-1
0;0;14.6538;25.0094;-20.7966;9.5;-1;-1;-1;-1;-1;-1;0;1;61.4325;-1
0;0;14.1948;42.4282;-21.7252;10.2219;-1;-1;-1;-1;-1;-1;0;0;0;-1
0;0;15.5057;64.3698;-20.2759;9.5;-1;-1;-1;-1;-1;-1;0;1;37.127;-1
0;0;12.3673;80.1365;-22.0316;10.9487;-1;-1;-1;-1;-1;-1;0;0;0;-1
0;0;30.9942;-89.0615;-20.6547;9.5;-1;-1;-1;-1;-1;-1;0;1;57.1413;-1
0;0;28.6549;-72.3105;-21.3808;10.0931;-1;-1;-1;-1;-1;-1;0;0;0;-1
0;0;28.916;-56.9926;-23.2811;10.8961;-1;-1;-1;-1;-1;-1;0;0;0;-1
0;0;28.5914;-33.6583;-21.2496;9.69824;-1;-1;-1;-1;-1;-1;0;0;0;-1
0;0;29.8747;-18.9729;-24.1796;11.3661;-1;-1;-1;-1;-1;-1;0;0;0;-1
0;0;27.481;-1.37675;-20.0159;11.2783;-1;-1;-1;-1;-1;-1;0;0;0;-1
0;0;29.3421;18.3908;-21.9533;10.7897;-1;-1;-1;-1;-1;-1;0;0;0;-1
0;0;28.05;34.3283;-22.2045;10.2114;-1;-1;-1;-1;-1;-1;0;0;0;-1
0;0;27.5477;54.8876;-24.0841;10.5335;-1;-1;-1;-1;-1;-1;0;0;0;-1
0;0;29.7485;71.9283;-23.5543;9.53407;-1;-1;-1;-1;-1;-1;0;0;0;-1
0;0;30.4399;90.3815;-19.9597;9.5;-1;-1;-1;-1;-1;-1;0;1;1.54889;-1
0;0;44.8222;-82.2376;-21.7468;11.2924;-1;-1;-1;-1;-1;-1;0;0;0;-1
0;0;45.4613;-63.3021;-20.4541;11.5627;-1;-1;-1;-1;-1;-1;0;0;0;-1
0;0;46.9061;-46.6687;-23.1809;11.2688;-1;-1;-1;-1;-1;-1;0;0;0;-1
0;0;46.0771;-27.7786;-23.3918;9.84521;-1;-1;-1;-1;-1;-1;0;0;0;-1
0;0;47.2328;-7.94983;-22.1306;9.67607;-1;-1;-1;-1;-1;-1;0;0;0;-1
0;0;46.8494;9.82655;-22.1355;9.5;-1;-1;-1;-1;-1;-1;0;1;19.8412;-1
0;0;43.9674;24.2227;-23.7637;9.5;-1;-1;-1;-1;-1;-1;0;1;43.5988;-1
0;0;43.4293;42.964;-21.0236;10.6907;-1;-1;-1;-1;-1;-1;0;0;0;-1
0;0;46.7609;60.1648;-20.2758;10.1855;-1;-1;-1;-1;-1;-1;0;0;0;-1
0;0;47.2373;81.1335;-19.7343;10.035;-1;-1;-1;-1;-1;-1;0;0;0;-1
0;0;58.889;-55.6889;-22.7705;9.70536;-1;-1;-1;-1;-1;-1;0;0;0;-1
0;0;61.1938;-34.2829;-20.3299;10.5191;-1;-1;-1;-1;-1;-1;0;0;0;-1
0;0;62.9388;-19.2652;-19.683;9.98279;-1;-1;-1;-1;-1;-1;0;0;0;-1
0;0;60.6902;-0.10771;-21.2621;9.5;-1;-1;-1;-1;-1;-1;0;1;107.948;-1
0;0;59.188;15.7751;-20.2858;9.5;-1;-1;-1;-1;-1;-1;0;1;102.615;-1
0;0;61.5422;35.5502;-21.2352;9.83958;-1;-1;-1;-1;-1;-1;0;0;0;-1
0;0;59.6551;52.7261;-21.7804;11.3228;-1;-1;-1;-1;-1;-1;0;0;0;-1
0;0;59.539;69.8138;-23.2654;10.842;-1;-1;-1;-1;-1;-1;0;0;0;-1
0;0;77.6925;-45.861;-24.0595;9.5;-1;-1;-1;-1;-1;-1;0;1;51.485;-1
0;0;76.494;-26.7448;-21.9796;11.0544;-1;-1;-1;-1;-1;-1;0;0;0;-1
0;0;77.2221;-8.63887;-20.8236;9.5;-1;-1;-1;-1;-1;-1;0;1;27.7704;-1
0;0;77.0744;8.59091;-21.4754;11.1297;-1;-1;-1;-1;-1;-1;0;0;0;-1
0;0;78.6145;27.4732;-20.0629;10.7342;-1;-1;-1;-1;-1;-1;0;0;0;-1
0;0;78.598;41.8225;-20.6469;11.3597;-1;-1;-1;-1;-1;-1;0;0;0;-1
0;0;75.6941;60.7144;-21.7536;11.0827;-1;-1;-1;-1;-1;-1;0;0;0;-1
0;0;92.6049;-19.1844;-21.195;9.5;-1;-1;-1;-1;-1;-1;0;1;117.459;-1
0;0;93.481;1.65502;-23.4677;11.6103;-1;-1;-1;-1;-1;-1;0;0;0;-1
0;0;91.2245;20.1903;-21.9082;11.4384;-1;-1;-1;-1;-1;-1;0;0;0;-1
0;0;-98.6111;7.86528;-6.34721;9.5;-1;-1;-1;-1;-1;-1;0;1;125.894;-1
0;0;-86.6179;-38.8897;-8.38117;10.8314;-1;-1;-1;-1;-1;-1;0;0;0;-1
0;0;-86.382;-17.982;-8.0115;9.5;-1;-1;-1;-1;-1;-1;0;1;28.0664;-1
0;0;-83.5445;1.16841;-4.38026;10.3792;-1;-1;-1;-1;-1;-1;0;0;0;-1
0;0;-85.1379;19.1422;-7.86915;9.5;-1;-1;-1;-1;-1;-1;0;1;74.731;-1
0;0;-83.9589;36.9583;-4.93582;10.5847;-1;-1;-1;-1;-1;-1;0;0;0;-1
0;0;-83.3556;51.3423;-8.55073;11.4653;-1;-1;-1;-1;-1;-1;0;0;0;-1
0;0;-67.2356;-64.5299;-7.94701;11.6628;-1;-1;-1;-1;-1;-1;0;0;0;-1
0;0;-70.9864;-44.3294;-7.9518;10.361;-1;-1;-1;-1;-1;-1;0;0;0;-1
0;0;-68.3941;-29.9347;-5.12451;9.5;-1;-1;-1;-1;-1;-1;0;1;117.434;-1
0;0;-71.0348;-11.8224;-7.74874;10.096;-1;-1;-1;-1;-1;-1;0;0;0;-1
0;0;-68.1887;9.06084;-4.28326;9.76728;-1;-1;-1;-1;-1;-1;0;0;0;-1
0;0;-68.853;25.3762;-5.60157;11.5045;-1;-1;-1;-1;-1;-1;0;0;0;-1
0;0;-69.2907;43.0814;-7.1266;9.5;-1;-1;-1;-1;-1;-1;0;1;130.75;-1
0;0;-69.7705;61.5535;-7.94223;11.3606;-1;-1;-1;-1;-1;-1;0;0;0;-1
0;0;-53.1375;-75.1103;-7.21381;9.862;-1;-1;-1;-1;-1;-1;0;0;0;-1
0;0;-52.4236;-53.4049;-7.65405;9.94982;-1;-1;-1;-1;-1;-1;0;0;0;-1
0;0;-51.6718;-38.5504;-6.20208;9.83355;-1;-1;-1;-1;-1;-1;0;0;0;-1
0;0;-55.1189;-19.5597;-8.05768;11.3198;-1;-1;-1;-1;-1;-1;0;0;0;-1
0;0;-53.6809;0.0586475;-8.51997;9.5;-1;-1;-1;-1;-1;-1;0;1;32.3576;-1
0;0;-55.2908;19.6639;-5.11809;9.98657;-1;-1;-1;-1;-1;-1;0;0;0;-1
0;0;-53.2043;34.5793;-3.97603;10.1913;-1;-1;-1;-1;-1;-1;0;0;0;-1
0;0;-53.0613;54.6558;-6.28038;10.4223;-1;-1;-1;-1;-1;-1;0;0;0;-1
0;0;-53.3955;70.4489;-7.60454;11.5751;-1;-1;-1;-1;-1;-1;0;0;0;-1
0;0;-35.4804;-79.5008;-8.07274;9.52188;-1;-1;-1;-1;-1;-1;0;0;0;-1
0;0;-39.5888;-64.1276;-7.48407;10.6165;-1;-1;-1;-1;-1;-1;0;0;0;-1
0;0;-35.8565;-43.4106;-7.54049;11.256;-1;-1;-1;-1;-1;-1;0;0;0;-1
0;0;-35.8349;-26.19;-7.36408;10.4842;-1;-1;-1;-1;-1;-1;0;0;0;-1
0;0;-36.8878;-11.491;-4.88843;11.3127;-1;-1;-1;-1;-1;-1;0;0;0;-1
0;0;-35.7724;7.32059;-7.33161;9.77843;-1;-1;-1;-1;-1;-1;0;0;0;-1
0;0;-37.1596;28.7755;-4.1195;9.5;-1;-1;-1;-1;-1;-1;0;1;153.885;-1
0;0;-37.3873;43.9348;-4.1561;10.9337;-1;-1;-1;-1;-1;-1;0;0;0;-1
0;0;-37.5458;60.7195;-4.57185;9.5;-1;-1;-1;-1;-1;-1;0;1;41.5491;-1
0;0;-37.783;83.109;-7.93469;11.0466;-1;-1;-1;-1;-1;-1;0;0;0;-1
0;0;-19.7312;-89.0854;-4.74533;11.2862;-1;-1;-1;-1;-1;-1;0;0;0;-1
0;0;-21.0607;-72.6257;-4.84607;10.864;-1;-1;-1;-1;-1;-1;0;0;0;-1
0;0;-20.7654;-52.99;-5.87694;9.5;-1;-1;-1;-1;-1;-1;0;1;64.665;-1
0;0;-20.9555;-34.7383;-6.93934;10.4247;-1;-1;-1;-1;-1;-1;0;0;0;-1
0;0;-24.0554;-17.9669;-4.49411;10.1982;-1;-1;-1;-1;-1;-1;0;0;0;-1
0;0;-21.172;1.66566;-5.81077;10.5818;-1;-1;-1;-1;-1;-1;0;0;0;-1
0;0;-22.4159;15.4001;-7.63073;11.0547;-1;-1;-1;-1;-1;-1;0;0;0;-1
0;0;-21.6294;35.0565;-6.9234;10.2166;-1;-1;-1;-1;-1;-1;0;0;0;-1
0;0;-20.8356;52.9104;-6.88904;10.8969;-1;-1;-1;-1;-1;-1;0;0;0;-1
0;0;-22.5341;70.9048;-6.02611;11.396;-1;-1;-1;-1;-1;-1;0;0;0;-1
0;0;-21.6796;87.6303;-5.76927;9.65407;-1;-1;-1;-1;-1;-1;0;0;0;-1
0;0;-4.45269;-83.6532;-5.17212;10.5501;-1;-1;-1;-1;-1;-1;0;0;0;-1
0;0;-6.35725;-65.5007;-7.59129;9.63637;-1;-1;-1;-1;-1;-1;0;0;0;-1
0;0;-6.75931;-48.5024;-6.10136;9.89948;-1;-1;-1;-1;-1;-1;0;0;0;-1
0;0;-4.18975;-27.8629;-5.54007;10.4433;-1;-1;-1;-1;-1;-1;0;0;0;-1
0;0;-6.67077;-8.97412;-4.34435;9.5;-1;-1;-1;-1;-1;-1;0;1;91.0048;-1
0;0;-7.07164;10.7276;-5.96592;10.2608;-1;-1;-1;-1;-1;-1;0;0;0;-1
0;0;-7.42283;27.4634;-7.41481;10.0792;-1;-1;-1;-1;-1;-1;0;0;0;-1
0;0;-5.22014;44.0228;-5.74312;10.357;-1;-1;-1;-1;-1;-1;0;0;0;-1
0;0;-7.54624;60.4237;-5.11394;10.386;-1;-1;-1;-1;-1;-1;0;0;0;-1
0;0;-7.71011;78.3717;-4.13534;10.4525;-1;-1;-1;-1;-1;-1;0;0;0;-1
0;0;8.7355;-92.9641;-6.26436;9.5;-1;-1;-1;-1;-1;-1;0;1;89.9703;-1
0;0;10.4421;-71.7225;-5.18236;10.6225;-1;-1;-1;-1;-1;-1;0;0;0;-1
0;0;9.3762;-54.087;-7.73498;11.1599;-1;-1;-1;-1;-1;-1;0;0;0;-1
0;0;8.70804;-35.0388;-4.36957;9.50822;-1;-1;-1;-1;-1;-1;0;0;0;-1
0;0;11.0341;-17.0018;-4.40785;10.1277;-1;-1;-1;-1;-1;-1;0;0;0;-1
0;0;9.12405;-2.22906;-7.5635;11.0092;-1;-1;-1;-1;-1;-1;0;0;0;-1
0;0;10.9911;16.0142;-7.96993;10.1668;-1;-1;-1;-1;-1;-1;0;0;0;-1
0;0;9.51467;34.2207;-7.04733;9.5;-1;-1;-1;-1;-1;-1;0;1;2.96232;-1
0;0;7.57967;54.9278;-5.827;9.5;-1;-1;-1;-1;-1;-1;0;1;146.215;-1
0;0;7.90866;70.584;-6.25487;10.2575;-1;-1;-1;-1;-1;-1;0;0;0;-1
0;0;9.09761;90.6824;-7.72996;9.57755;-1;-1;-1;-1;-1;-1;0;0;0;-1
0;0;23.0008;-84.4896;-7.47539;11.6383;-1;-1;-1;-1;-1;-1;0;0;0;-1
0;0;23.8097;-63.629;-6.94172;9.5;-1;-1;-1;-1;-1;-1;0;1;111.108;-1
0;0;25.5893;-46.8712;-5.10809;11.1598;-1;-1;-1;-1;-1;-1;0;0;0;-1
0;0;26.3852;-29.6029;-4.35881;11.4452;-1;-1;-1;-1;-1;-1;0;0;0;-1
0;0;22.8622;-8.20886;-5.30752;9.77887;-1;-1;-1;-1;-1;-1;0;0;0;-1
0;0;23.0105;7.64768;-6.52786;10.7026;-1;-1;-1;-1;-1;-1;0;0;0;-1
0;0;25.872;26.1452;-3.91036;11.4589;-1;-1;-1;-1;-1;-1;0;0;0;-1
0;0;24.2809;44.0995;-5.35226;11.3991;-1;-1;-1;-1;-1;-1;0;0;0;-1
0;0;26.5568;62.4524;-7.74909;11.5983;-1;-1;-1;-1;-1;-1;0;0;0;-1
0;0;25.5499;80.4483;-7.45032;10.6138;-1;-1;-1;-1;-1;-1;0;0;0;-1
0;0;42.5749;-71.4371;-6.15433;10.6532;-1;-1;-1;-1;-1;-1;0;0;0;-1
0;0;38.3631;-55.9292;-7.86146;9.5;-1;-1;-1;-1;-1;-1;0;1;1.94628;-1
0;0;40.8596;-37.7409;-7.98646;9.57228;-1;-1;-1;-1;-1;-1;0;0;0;-1
0;0;42.0896;-15.6033;-6.47549;10.4186;-1;-1;-1;-1;-1;-1;0;0;0;-1
0;0;38.7273;-1.1187;-5.11407;10.4141;-1;-1;-1;-1;-1;-1;0;0;0;-1
0;0;40.0397;19.4493;-4.26882;9.5;-1;-1;-1;-1;-1;-1;0;1;66.1071;-1
0;0;40.7712;35.5904;-7.15665;9.94939;-1;-1;-1;-1;-1;-1;0;0;0;-1
0;0;40.6303;54.2649;-5.12149;9.79868;-1;-1;-1;-1;-1;-1;0;0;0;-1
0;0;38.5527;74.442;-8.32053;10.3074;-1;-1;-1;-1;-1;-1;0;0;0;-1
0;0;38.6286;87.3234;-7.84813;11.3621;-1;-1;-1;-1;-1;-1;0;0;0;-1
0;0;55.8324;-62.539;-6.15162;9.5;-1;-1;-1;-1;-1;-1;0;1;135.934;-1
0;0;57.7546;-44.2675;-6.8027;11.2949;-1;-1;-1;-1;-1;-1;0;0;0;-1
0;0;56.6673;-29.5923;-6.79207;9.54325;-1;-1;-1;-1;-1;-1;0;0;0;-1
0;0;57.5479;-10.4667;-6.30488;11.2307;-1;-1;-1;-1;-1;-1;0;0;0;-1
0;0;54.3429;10.6363;-6.42188;10.7149;-1;-1;-1;-1;-1;-1;0;0;0;-1
0;0;54.376;27.3649;-5.95074;11.2694;-1;-1;-1;-1;-1;-1;0;0;0;-1
0;0;54.605;46.335;-5.99589;10.8407;-1;-1;-1;-1;-1;-1;0;0;0;-1
0;0;58.5836;60.8226;-4.03085;9.5;-1;-1;-1;-1;-1;-1;0;1;54.531;-1
0;0;58.6125;78.8435;-6.78641;11.0124;-1;-1;-1;-1;-1;-1;0;0;0;-1
0;0;73.9631;-54.1104;-6.86579;11.4947;-1;-1;-1;-1;-1;-1;0;0;0;-1
0;0;71.0295;-38.8598;-4.64157;11.6523;-1;-1;-1;-1;-1;-1;0;0;0;-1
0;0;73.1926;-18.3598;-6.27588;9.5;-1;-1;-1;-1;-1;-1;0;1;115.582;-1
0;0;70.9338;0.0996227;-8.31117;10.0024;-1;-1;-1;-1;-1;-1;0;0;0;-1
0;0;71.8897;16.4574;-6.18925;9.71042;-1;-1;-1;-1;-1;-1;0;0;0;-1
0;0;69.913;36.3397;-8.24966;9.8887;-1;-1;-1;-1;-1;-1;0;0;0;-1
0;0;73.1535;52.699;-8.52286;10.2438;-1;-1;-1;-1;-1;-1;0;0;0;-1
0;0;86.2579;-47.0647;-5.73809;9.5;-1;-1;-1;-1;-1;-1;0;1;2.49549;-1
0;0;89.038;-29.7417;-7.38785;11.0133;-1;-1;-1;-1;-1;-1;0;0;0;-1
0;0;89.7198;-9.18539;-7.48554;11.4265;-1;-1;-1;-1;-1;-1;0;0;0;-1
0;0;88.8044;7.5892;-5.98168;10.3312;-1;-1;-1;-1;-1;-1;0;0;0;-1
0;0;89.4881;28.5084;-4.88307;11.0605;-1;-1;-1;-1;-1;-1;0;0;0;-1
0;0;85.5452;46.0453;-5.15258;10.7584;-1;-1;-1;-1;-1;-1;0;0;0;-1
0;0;-94.2985;-19.9813;10.3729;9.61653;-1;-1;-1;-1;-1;-1;0;0;0;-1
0;0;-96.0952;-1.21208;7.64131;10.4108;-1;-1;-1;-1;-1;-1;0;0;0;-1
0;0;-93.4475;17.6677;9.09742;9.5;-1;-1;-1;-1;-1;-1;0;1;136.734;-1
0;0;-77.4255;-62.3093;8.90255;9.5;-1;-1;-1;-1;-1;-1;0;1;81.3567;-1
0;0;-77.4474;-45.2517;9.25963;9.5;-1;-1;-1;-1;-1;-1;0;1;47.1337;-1
0;0;-81.8572;-30.1252;9.57719;11.0949;-1;-1;-1;-1;-1;-1;0;0;0;-1
0;0;-80.932;-7.14077;10.2443;10.108;-1;-1;-1;-1;-1;-1;0;0;0;-1
0;0;-78.4304;6.76304;7.22192;11.3559;-1;-1;-1;-1;-1;-1;0;0;0;-1
0;0;-77.9738;23.7636;11.458;9.5;-1;-1;-1;-1;-1;-1;0;1;70.485;-1
0;0;-78.0253;45.2044;8.91863;9.84732;-1;-1;-1;-1;-1;-1;0;0;0;-1
0;0;-64.8011;-53.7489;7.23061;10.5651;-1;-1;-1;-1;-1;-1;0;0;0;-1
0;0;-62.2081;-34.1124;10.6754;10.2422;-1;-1;-1;-1;-1;-1;0;0;0;-1
0;0;-62.5622;-17.5581;8.18913;9.96031;-1;-1;-1;-1;-1;-1;0;0;0;-1
0;0;-61.6484;-0.801944;8.88718;9.5;-1;-1;-1;-1;-1;-1;0;1;140.776;-1
0;0;-62.5327;15.59;10.5366;10.83;-1;-1;-1;-1;-1;-1;0;0;0;-1
0;0;-62.421;36.2075;8.17797;9.60794;-1;-1;-1;-1;-1;-1;0;0;0;-1
0;0;-61.6656;52.6283;9.28532;9.73515;-1;-1;-1;-1;-1;-1;0;0;0;-1
0;0;-63.271;73.7138;9.84657;10.3218;-1;-1;-1;-1;-1;-1;0;0;0;-1
0;0;-47.8206;-84.1089;9.78995;11.1304;-1;-1;-1;-1;-1;-1;0;0;0;-1
0;0;-47.4531;-65.5339;8.79206;10.0716;-1;-1;-1;-1;-1;-1;0;0;0;-1
0;0;-47.6198;-47.0944;7.39244;9.75602;-1;-1;-1;-1;-1;-1;0;0;0;-1
0;0;-50.3172;-28.6723;10.3646;11.6498;-1;-1;-1;-1;-1;-1;0;0;0;-1
0;0;-47.7269;-9.28086;9.90326;9.5009;-1;-1;-1;-1;-1;-1;0;0;0;-1
0;0;-48.3948;9.51113;11.2704;9.9493;-1;-1;-1;-1;-1;-1;0;0;0;-1
0;0;-49.6569;26.1751;8.02284;11.1961;-1;-1;-1;-1;-1;-1;0;0;0;-1
0;0;-47.52;46.5238;9.23587;11.6423;-1;-1;-1;-1;-1;-1;0;0;0;-1
0;0;-46.3129;64.7206;7.95351;11.3911;-1;-1;-1;-1;-1;-1;0;0;0;-1
0;0;-47.1541;82.6585;10.2751;10.8714;-1;-1;-1;-1;-1;-1;0;0;0;-1
0;0;-33.6652;-92.2536;10.0642;9.71678;-1;-1;-1;-1;-1;-1;0;0;0;-1
0;0;-30.4554;-72.2343;11.1522;10.0864;-1;-1;-1;-1;-1;-1;0;0;0;-1
0;0;-32.4622;-57.0619;10.813;10.4379;-1;-1;-1;-1;-1;-1;0;0;0;-1
0;0;-31.9635;-37.3955;10.8022;9.61355;-1;-1;-1;-1;-1;-1;0;0;0;-1
0;0;-33.0241;-19.0936;9.376;11.5722;-1;-1;-1;-1;-1;-1;0;0;0;-1
0;0;-34.1763;-0.918292;8.62807;9.5;-1;-1;-1;-1;-1;-1;0;1;90.0202;-1
0;0;-31.8153;20.0141;7.16777;10.6752;-1;-1;-1;-1;-1;-1;0;0;0;-1
0;0;-30.959;38.4635;9.18018;9.94269;-1;-1;-1;-1;-1;-1;0;0;0;-1
0;0;-33.2728;55.1008;7.75102;9.9076;-1;-1;-1;-1;-1;-1;0;0;0;-1
0;0;-31.99;69.4495;10.1985;9.87809;-1;-1;-1;-1;-1;-1;0;0;0;-1
0;0;-33.1616;89.3848;8.81738;11.3519;-1;-1;-1;-1;-1;-1;0;0;0;-1
0;0;-16.359;-82.0298;10.0373;9.5;-1;-1;-1;-1;-1;-1;0;1;5.47205;-1
0;0;-19.4257;-61.9968;9.70005;10.4423;-1;-1;-1;-1;-1;-1;0;0;0;-1
0;0;-18.0289;-47.6889;10.9904;9.8942;-1;-1;-1;-1;-1;-1;0;0;0;-1
0;0;-17.822;-25.4177;10.746;9.79022;-1;-1;-1;-1;-1;-1;0;0;0;-1
0;0;-18.8107;-8.65091;10.6922;11.6792;-1;-1;-1;-1;-1;-1;0;0;0;-1
0;0;-18.2105;10.2968;8.732;9.97844;-1;-1;-1;-1;-1;-1;0;0;0;-1
0;0;-15.0322;26.5051;8.46484;9.52065;-1;-1;-1;-1;-1;-1;0;0;0;-1
0;0;-18.2976;46.3671;10.6312;11.6585;-1;-1;-1;-1;-1;-1;0;0;0;-1
0;0;-18.3315;63.0834;9.34846;10.1082;-1;-1;-1;-1;-1;-1;0;0;0;-1
0;0;-18.9476;82.4685;8.63317;9.71129;-1;-1;-1;-1;-1;-1;0;0;0;-1
0;0;0.301312;-88.8294;7.55316;11.0592;-1;-1;-1;-1;-1;-1;0;0;0;-1
0;0;-0.765358;-73.539;10.8126;9.5;-1;-1;-1;-1;-1;-1;0;1;157.86;-1
0;0;-0.190165;-55.6469;7.95388;10.2968;-1;-1;-1;-1;-1;-1;0;0;0;-1
0;0;-2.68427;-37.1614;7.26861;10.749;-1;-1;-1;-1;-1;-1;0;0;0;-1
0;0;-0.963442;-16.4044;8.59566;9.5;-1;-1;-1;-1;-1;-1;0;1;150.54;-1
0;0;-3.4846;0.253377;7.5713;10.8826;-1;-1;-1;-1;-1;-1;0;0;0;-1
0;0;-0.176025;18.165;8.87941;9.5;-1;-1;-1;-1;-1;-1;0;1;138.557;-1
0;0;-3.72356;36.2347;11.5996;10.8197;-1;-1;-1;-1;-1;-1;0;0;0;-1
0;0;0.219043;52.4107;10.3011;9.5;-1;-1;-1;-1;-1;-1;0;1;27.4544;-1
0;0;-2.50624;74.0825;11.2742;11.5108;-1;-1;-1;-1;-1;-1;0;0;0;-1
0;0;-3.29189;92.675;8.71635;9.5;-1;-1;-1;-1;-1;-1;0;1;131.24;-1
0;0;14.3654;-98.3081;10.2307;10.636;-1;-1;-1;-1;-1;-1;0;0;0;-1
0;0;12.4239;-83.3776;10.1759;10.1223;-1;-1;-1;-1;-1;-1;0;0;0;-1
0;0;13.4378;-62.2804;9.4943;10.9283;-1;-1;-1;-1;-1;-1;0;0;0;-1
0;0;13.7463;-43.8945;11.2227;9.5;-1;-1;-1;-1;-1;-1;0;1;69.7871;-1
0;0;15.3089;-28.4486;7.33853;11.3029;-1;-1;-1;-1;-1;-1;0;0;0;-1
0;0;14.7969;-9.59845;8.00649;11.3382;-1;-1;-1;-1;-1;-1;0;0;0;-1
0;0;14.1896;10.0777;9.85399;10.1762;-1;-1;-1;-1;-1;-1;0;0;0;-1
0;0;12.4294;23.8378;10.4748;10.5126;-1;-1;-1;-1;-1;-1;0;0;0;-1
0;0;16.2402;44.0335;11.2892;9.85147;-1;-1;-1;-1;-1;-1;0;0;0;-1
0;0;14.0198;63.2172;7.41702;10.7925;-1;-1;-1;-1;-1;-1;0;0;0;-1
0;0;14.3967;81.994;8.11677;10.8626;-1;-1;-1;-1;-1;-1;0;0;0;-1
0;0;30.1153;-89.1973;8.74595;11.5041;-1;-1;-1;-1;-1;-1;0;0;0;-1
0;0;28.4467;-71.9595;8.38411;10.5291;-1;-1;-1;-1;-1;-1;0;0;0;-1
0;0;29.1767;-52.2468;9.73428;11.2538;-1;-1;-1;-1;-1;-1;0;0;0;-1
0;0;27.7002;-33.7549;11.462;9.5;-1;-1;-1;-1;-1;-1;0;1;127.346;-1
0;0;31.5701;-20.833;8.16995;10.2395;-1;-1;-1;-1;-1;-1;0;0;0;-1
0;0;29.5183;-1.00037;10.3991;9.5;-1;-1;-1;-1;-1;-1;0;1;87.2918;-1
0;0;30.6289;17.023;9.88996;9.89012;-1;-1;-1;-1;-1;-1;0;0;0;-1
0;0;30.4925;33.828;7.74705;9.5;-1;-1;-1;-1;-1;-1;0;1;15.1463;-1
0;0;28.556;55.3683;8.06932;11.2809;-1;-1;-1;-1;-1;-1;0;0;0;-1
0;0;28.1894;71.3682;11.6769;9.52267;-1;-1;-1;-1;-1;-1;0;0;0;-1
0;0;27.994;90.1756;7.75952;9.5;-1;-1;-1;-1;-1;-1;0;1;111.567;-1
0;0;43.7306;-80.7098;8.97218;10.8911;-1;-1;-1;-1;-1;-1;0;0;0;-1
0;0;47.4854;-63.9867;11.2647;10.8501;-1;-1;-1;-1;-1;-1;0;0;0;-1
0;0;46.6967;-45.4013;10.8832;9.64047;-1;-1;-1;-1;-1;-1;0;0;0;-1
0;0;47.7652;-28.3145;10.688;10.1836;-1;-1;-1;-1;-1;-1;0;0;0;-1
0;0;45.3749;-9.5337;7.54032;11.3216;-1;-1;-1;-1;-1;-1;0;0;0;-1
0;0;47.7757;10.4998;9.33121;9.5;-1;-1;-1;-1;-1;-1;0;1;22.8343;-1
0;0;45.5799;26.3664;8.37856;10.6193;-1;-1;-1;-1;-1;-1;0;0;0;-1
0;0;44.2229;42.6719;10.4568;9.76421;-1;-1;-1;-1;-1;-1;0;0;0;-1
0;0;45.6837;64.8146;9.00108;11.1738;-1;-1;-1;-1;-1;-1;0;0;0;-1
0;0;45.5935;80.2813;8.70594;10.1068;-1;-1;-1;-1;-1;-1;0;0;0;-1
0;0;61.8039;-71.3585;7.24907;10.5578;-1;-1;-1;-1;-1;-1;0;0;0;-1
0;0;59.8215;-53.2186;11.595;11.465;-1;-1;-1;-1;-1;-1;0;0;0;-1
0;0;61.0489;-37.7013;8.48449;9.5;-1;-1;-1;-1;-1;-1;0;1;13.9062;-1
0;0;61.1265;-20.5256;7.95369;10.2744;-1;-1;-1;-1;-1;-1;0;0;0;-1
0;0;59.9693;-0.634313;9.41656;9.83589;-1;-1;-1;-1;-1;-1;0;0;0;-1
0;0;59.701;18.4829;9.53628;11.1384;-1;-1;-1;-1;-1;-1;0;0;0;-1
0;0;60.4256;36.4455;8.72526;11.6714;-1;-1;-1;-1;-1;-1;0;0;0;-1
0;0;62.5498;55.7743;10.5609;10.584;-1;-1;-1;-1;-1;-1;0;0;0;-1
0;0;62.7742;72.3903;7.12379;10.4198;-1;-1;-1;-1;-1;-1;0;0;0;-1
0;0;75.9753;-44.7398;8.15351;10.4189;-1;-1;-1;-1;-1;-1;0;0;0;-1
0;0;76.6018;-25.7378;9.33521;10.7128;-1;-1;-1;-1;-1;-1;0;0;0;-1
0;0;74.5601;-8.36119;10.3623;11.2113;-1;-1;-1;-1;-1;-1;0;0;0;-1
0;0;76.931;10.7737;8.66445;10.7221;-1;-1;-1;-1;-1;-1;0;0;0;-1
0;0;75.0963;24.6193;11.0959;11.0106;-1;-1;-1;-1;-1;-1;0;0;0;-1
0;0;78.4597;46.5569;9.04559;10.4038;-1;-1;-1;-1;-1;-1;0;0;0;-1
0;0;91.6797;-17.229;10.8564;10.1089;-1;-1;-1;-1;-1;-1;0;0;0;-1
0;0;93.3748;0.624713;7.50304;10.5683;-1;-1;-1;-1;-1;-1;0;0;0;-1
0;0;91.6699;19.1058;10.4773;9.5;-1;-1;-1;-1;-1;-1;0;1;56.8336;-1
0;0;-82.5164;-35.4104;23.2212;10.3874;-1;-1;-1;-1;-1;-1;0;0;0;-1
0;0;-83.6238;-19.9696;26.7633;11.213;-1;-1;-1;-1;-1;-1;0;0;0;-1
0;0;-83.4074;-2.00458;23.6666;10.6829;-1;-1;-1;-1;-1;-1;0;0;0;-1
0;0;-82.3541;18.9502;27.1377;9.5;-1;-1;-1;-1;-1;-1;0;1;76.537;-1
0;0;-82.8255;37.1497;26.4685;11.2202;-1;-1;-1;-1;-1;-1;0;0;0;-1
0;0;-70.348;-61.4076;25.01;10.093;-1;-1;-1;-1;-1;-1;0;0;0;-1
0;0;-68.961;-47.3131;23.592;10.1811;-1;-1;-1;-1;-1;-1;0;0;0;-1
0;0;-66.8397;-27.2603;25.4804;11.0994;-1;-1;-1;-1;-1;-1;0;0;0;-1
0;0;-67.6668;-9.98607;25.4101;10.6835;-1;-1;-1;-1;-1;-1;0;0;0;-1
0;0;-66.4748;8.50745;27.3331;11.4243;-1;-1;-1;-1;-1;-1;0;0;0;-1
0;0;-67.4119;27.0696;23.3721;11.5384;-1;-1;-1;-1;-1;-1;0;0;0;-1
0;0;-67.1093;44.4592;26.4033;10.1125;-1;-1;-1;-1;-1;-1;0;0;0;-1
0;0;-69.6521;65.019;26.7875;11.0512;-1;-1;-1;-1;-1;-1;0;0;0;-1
0;0;-52.6352;-71.3781;27.0799;11.5243;-1;-1;-1;-1;-1;-1;0;0;0;-1
0;0;-53.5485;-56.285;25.4621;9.58654;-1;-1;-1;-1;-1;-1;0;0;0;-1
0;0;-54.3886;-33.9121;27.0189;11.4342;-1;-1;-1;-1;-1;-1;0;0;0;-1
0;0;-51.0671;-19.0163;23.0557;10.8853;-1;-1;-1;-1;-1;-1;0;0;0;-1
0;0;-53.5888;2.31833;24.8274;9.73435;-1;-1;-1;-1;-1;-1;0;0;0;-1
0;0;-53.3308;15.8385;23.8836;10.8628;-1;-1;-1;-1;-1;-1;0;0;0;-1
0;0;-54.1822;36.0913;24.1307;9.8253;-1;-1;-1;-1;-1;-1;0;0;0;-1
0;0;-55.2832;54.8866;23.2045;11.5379;-1;-1;-1;-1;-1;-1;0;0;0;-1
0;0;-50.835;69.587;25.4823;9.5;-1;-1;-1;-1;-1;-1;0;1;32.2548;-1
0;0;-37.6494;-83.7559;23.3692;9.63065;-1;-1;-1;-1;-1;-1;0;0;0;-1
0;0;-37.3146;-63.3263;23.3059;9.75228;-1;-1;-1;-1;-1;-1;0;0;0;-1
0;0;-38.6205;-46.262;26.9433;11.4871;-1;-1;-1;-1;-1;-1;0;0;0;-1
0;0;-38.9304;-26.5438;25.3153;9.5;-1;-1;-1;-1;-1;-1;0;1;134.68;-1
0;0;-38.9602;-9.57975;25.4058;9.66514;-1;-1;-1;-1;-1;-1;0;0;0;-1
0;0;-39.8032;7.64633;25.8666;11.2983;-1;-1;-1;-1;-1;-1;0;0;0;-1
0;0;-38.3393;27.8613;23.3406;10.6707;-1;-1;-1;-1;-1;-1;0;0;0;-1
0;0;-38.2154;46.0079;23.5326;10.9018;-1;-1;-1;-1;-1;-1;0;0;0;-1
0;0;-37.971;60.1033;23.8463;10.8003;-1;-1;-1;-1;-1;-1;0;0;0;-1
0;0;-36.0239;82.6492;26.7958;9.56154;-1;-1;-1;-1;-1;-1;0;0;0;-1
0;0;-23.9281;-89.6293;23.9376;10.8156;-1;-1;-1;-1;-1;-1;0;0;0;-1
0;0;-19.6223;-72.822;24.5479;9.87359;-1;-1;-1;-1;-1;-1;0;0;0;-1
0;0;-20.3531;-52.8802;27.0649;11.3501;-1;-1;-1;-1;-1;-1;0;0;0;-1
0;0;-23.7287;-34.1475;25.6387;10.0383;-1;-1;-1;-1;-1;-1;0;0;0;-1
0;0;-22.1414;-20.5682;24.7239;10.27;-1;-1;-1;-1;-1;-1;0;0;0;-1
0;0;-22.6305;-1.10796;27.2466;10.2881;-1;-1;-1;-1;-1;-1;0;0;0;-1
0;0;-20.7801;18.6242;23.4633;9.5;-1;-1;-1;-1;-1;-1;0;1;3.57654;-1
0;0;-19.6244;34.6323;24.8863;9.5;-1;-1;-1;-1;-1;-1;0;1;15.1143;-1
0;0;-22.1963;53.6113;23.8134;9.5;-1;-1;-1;-1;-1;-1;0;1;54.287;-1
0;0;-19.8647;74.5763;25.3322;9.77898;-1;-1;-1;-1;-1;-1;0;0;0;-1
0;0;-22.3049;87.3727;25.6233;9.79173;-1;-1;-1;-1;-1;-1;0;0;0;-1
0;0;-7.01136;-81.8403;26.7725;11.5081;-1;-1;-1;-1;-1;-1;0;0;0;-1
0;0;-4.30665;-63.968;26.5011;9.5;-1;-1;-1;-1;-1;-1;0;1;49.2494;-1
0;0;-8.01712;-47.5662;24.9916;11.0459;-1;-1;-1;-1;-1;-1;0;0;0;-1
0;0;-7.72278;-30.0701;23.4676;9.5;-1;-1;-1;-1;-1;-1;0;1;1.63398;-1
0;0;-6.00819;-9.49321;25.7351;9.5;-1;-1;-1;-1;-1;-1;0;1;66.6736;-1
0;0;-7.03771;6.12253;24.0991;11.1742;-1;-1;-1;-1;-1;-1;0;0;0;-1
0;0;-5.65969;25.6378;23.5518;9.5;-1;-1;-1;-1;-1;-1;0;1;39.6071;-1
0;0;-8.41078;45.9913;26.2762;9.5;-1;-1;-1;-1;-1;-1;0;1;10.8156;-1
0;0;-7.63058;62.1909;26.3097;9.5;-1;-1;-1;-1;-1;-1;0;1;12.7888;-1
0;0;-4.52566;81.5131;26.6266;11.4898;-1;-1;-1;-1;-1;-1;0;0;0;-1
0;0;9.10727;-93.1908;24.9207;11.1144;-1;-1;-1;-1;-1;-1;0;0;0;-1
0;0;11.0525;-73.6192;23.2655;9.5;-1;-1;-1;-1;-1;-1;0;1;61.8045;-1
0;0;9.50622;-54.8098;25.3013;10.7441;-1;-1;-1;-1;-1;-1;0;0;0;-1
0;0;7.66648;-36.4515;23.0394;9.78834;-1;-1;-1;-1;-1;-1;0;0;0;-1
0;0;9.58511;-17.2067;24.0407;9.61811;-1;-1;-1;-1;-1;-1;0;0;0;-1
0;0;7.6122;1.89794;25.8548;10.5152;-1;-1;-1;-1;-1;-1;0;0;0;-1
0;0;7.91639;16.0376;23.0267;11.096;-1;-1;-1;-1;-1;-1;0;0;0;-1
0;0;10.1482;33.3131;27.392;9.79762;-1;-1;-1;-1;-1;-1;0;0;0;-1
0;0;11.4614;53.9896;27.0613;10.2706;-1;-1;-1;-1;-1;-1;0;0;0;-1
0;0;9.72776;72.3257;24.6106;10.1878;-1;-1;-1;-1;-1;-1;0;0;0;-1
0;0;8.82372;92.2425;27.2743;9.5;-1;-1;-1;-1;-1;-1;0;1;36.5602;-1
0;0;23.8641;-84.2733;24.7907;9.57454;-1;-1;-1;-1;-1;-1;0;0;0;-1
0;0;22.9614;-61.4958;26.9741;11.4211;-1;-1;-1;-1;-1;-1;0;0;0;-1
0;0;27.1848;-45.722;26.7161;11.3812;-1;-1;-1;-1;-1;-1;0;0;0;-1
0;0;24.9778;-28.0585;27.2743;9.5;-1;-1;-1;-1;-1;-1;0;1;13.6461;-1
0;0;25.7424;-7.65756;25.9135;10.5017;-1;-1;-1;-1;-1;-1;0;0;0;-1
0;0;23.2868;8.66998;26.6265;11.2842;-1;-1;-1;-1;-1;-1;0;0;0;-1
0;0;24.8874;26.1796;27.1564;10.5216;-1;-1;-1;-1;-1;-1;0;0;0;-1
0;0;24.4077;41.8775;24.1322;11.5373;-1;-1;-1;-1;-1;-1;0;0;0;-1
0;0;24.7452;62.6027;25.5356;11.5166;-1;-1;-1;-1;-1;-1;0;0;0;-1
0;0;26.2263;78.925;27.043;10.8478;-1;-1;-1;-1;-1;-1;0;0;0;-1
0;0;42.1903;-70.4995;24.5594;9.52712;-1;-1;-1;-1;-1;-1;0;0;0;-1
0;0;42.5675;-55.2492;26.3884;10.609;-1;-1;-1;-1;-1;-1;0;0;0;-1
0;0;39.9573;-36.5594;25.1677;11.1133;-1;-1;-1;-1;-1;-1;0;0;0;-1
0;0;38.7519;-15.7436;25.9482;11.3215;-1;-1;-1;-1;-1;-1;0;0;0;-1
0;0;39.0404;0.416673;26.399;9.5;-1;-1;-1;-1;-1;-1;0;1;20.2413;-1
0;0;42.5917;18.9466;24.1123;9.68653;-1;-1;-1;-1;-1;-1;0;0;0;-1
0;0;39.3814;36.5004;26.2192;9.7105;-1;-1;-1;-1;-1;-1;0;0;0;-1
0;0;40.1026;53.0647;23.3719;10.2311;-1;-1;-1;-1;-1;-1;0;0;0;-1
0;0;40.8264;71.4855;22.9345;11.286;-1;-1;-1;-1;-1;-1;0;0;0;-1
0;0;54.5752;-79.5222;25.6261;11.0326;-1;-1;-1;-1;-1;-1;0;0;0;-1
0;0;55.1336;-64.7784;22.9231;9.5;-1;-1;-1;-1;-1;-1;0;1;23.0054;-1
0;0;56.464;-48.5195;25.718;11.2597;-1;-1;-1;-1;-1;-1;0;0;0;-1
0;0;56.3611;-26.0859;25.6043;10.654;-1;-1;-1;-1;-1;-1;0;0;0;-1
0;0;56.4072;-11.7067;23.6566;9.5;-1;-1;-1;-1;-1;-1;0;1;60.2006;-1
0;0;54.3447;10.8049;23.9398;11.2561;-1;-1;-1;-1;-1;-1;0;0;0;-1
0;0;56.4359;27.8814;23.4383;10.0769;-1;-1;-1;-1;-1;-1;0;0;0;-1
0;0;54.31;42.8042;25.7412;10.3017;-1;-1;-1;-1;-1;-1;0;0;0;-1
0;0;56.7684;60.6377;25.6883;9.71462;-1;-1;-1;-1;-1;-1;0;0;0;-1
0;0;71.1434;-54.8355;25.3421;10.6702;-1;-1;-1;-1;-1;-1;0;0;0;-1
0;0;70.3486;-33.8282;27.0116;9.5;-1;-1;-1;-1;-1;-1;0;1;133.666;-1
0;0;72.2338;-16.8075;27.0978;10.9754;-1;-1;-1;-1;-1;-1;0;0;0;-1
0;0;74.2889;-2.76833;23.112;11.4414;-1;-1;-1;-1;-1;-1;0;0;0;-1
0;0;69.9422;18.7718;25.5715;10.5348;-1;-1;-1;-1;-1;-1;0;0;0;-1
0;0;71.7496;37.9295;24.7623;11.1146;-1;-1;-1;-1;-1;-1;0;0;0;-1
0;0;71.775;52.8713;27.0859;10.8174;-1;-1;-1;-1;-1;-1;0;0;0;-1
0;0;86.2569;-28.7638;26.3468;11.5651;-1;-1;-1;-1;-1;-1;0;0;0;-1
0;0;87.4035;-7.79688;23.8991;10.0799;-1;-1;-1;-1;-1;-1;0;0;0;-1
0;0;85.816;7.15694;24.5516;10.3163;-1;-1;-1;-1;-1;-1;0;0;0;-1
0;0;85.4269;26.3769;23.2378;10.9543;-1;-1;-1;-1;-1;-1;0;0;0;-1
0;0;-78.9995;-43.7623;41.7495;11.3677;-1;-1;-1;-1;-1;-1;0;0;0;-1
0;0;-80.2326;-28.2651;39.7195;9.5;-1;-1;-1;-1;-1;-1;0;1;105.958;-1
0;0;-79.0681;-12.3737;38.4281;9.7394;-1;-1;-1;-1;-1;-1;0;0;0;-1
0;0;-79.8685;5.94671;38.9598;9.5;-1;-1;-1;-1;-1;-1;0;1;138.655;-1
0;0;-80.6511;28.2283;41.773;11.1969;-1;-1;-1;-1;-1;-1;0;0;0;-1
0;0;-78.3127;44.4401;38.9453;9.5;-1;-1;-1;-1;-1;-1;0;1;5.37997;-1
0;0;-65.146;-55.3708;41.8737;9.86834;-1;-1;-1;-1;-1;-1;0;0;0;-1
0;0;-63.9819;-34.9209;42.5015;11.5411;-1;-1;-1;-1;-1;-1;0;0;0;-1
0;0;-64.6985;-18.8573;42.5367;10.3281;-1;-1;-1;-1;-1;-1;0;0;0;-1
0;0;-66.3055;0.00262613;40.2171;10.0513;-1;-1;-1;-1;-1;-1;0;0;0;-1
0;0;-65.5497;18.9655;38.7755;11.2936;-1;-1;-1;-1;-1;-1;0;0;0;-1
0;0;-65.8325;36.6603;38.4466;9.5;-1;-1;-1;-1;-1;-1;0;1;141.901;-1
0;0;-65.0807;51.3095;42.3481;10.2797;-1;-1;-1;-1;-1;-1;0;0;0;-1
0;0;-47.9022;-61.4293;40.8484;9.63803;-1;-1;-1;-1;-1;-1;0;0;0;-1
0;0;-49.6779;-45.9867;42.2032;10.6412;-1;-1;-1;-1;-1;-1;0;0;0;-1
0;0;-49.3401;-27.3538;40.0452;10.4609;-1;-1;-1;-1;-1;-1;0;0;0;-1
0;0;-50.6655;-8.53325;41.0233;9.5;-1;-1;-1;-1;-1;-1;0;1;101.593;-1
0;0;-49.9176;9.93791;42.9624;11.0714;-1;-1;-1;-1;-1;-1;0;0;0;-1
0;0;-50.6553;24.0767;41.6305;10.2829;-1;-1;-1;-1;-1;-1;0;0;0;-1
0;0;-47.339;41.9816;41.7251;10.3202;-1;-1;-1;-1;-1;-1;0;0;0;-1
0;0;-46.7029;63.5679;38.8082;10.6852;-1;-1;-1;-1;-1;-1;0;0;0;-1
0;0;-31.9601;-74.0037;39.3059;10.3262;-1;-1;-1;-1;-1;-1;0;0;0;-1
0;0;-30.3892;-56.7946;40.8447;9.5;-1;-1;-1;-1;-1;-1;0;1;114.031;-1
0;0;-33.2783;-36.0915;38.5842;10.1663;-1;-1;-1;-1;-1;-1;0;0;0;-1
0;0;-32.8423;-17.5947;39.5151;11.0105;-1;-1;-1;-1;-1;-1;0;0;0;-1
0;0;-30.6006;0.32418;40.2779;9.5;-1;-1;-1;-1;-1;-1;0;1;96.9066;-1
0;0;-31.439;15.9946;40.6913;9.5;-1;-1;-1;-1;-1;-1;0;1;77.7319;-1
0;0;-31.1467;33.6926;39.4501;9.62241;-1;-1;-1;-1;-1;-1;0;0;0;-1
0;0;-30.7933;56.5042;38.991;10.9912;-1;-1;-1;-1;-1;-1;0;0;0;-1
0;0;-32.5171;71.2418;40.8798;10.5036;-1;-1;-1;-1;-1;-1;0;0;0;-1
0;0;-18.7482;-82.6624;39.2624;10.1166;-1;-1;-1;-1;-1;-1;0;0;0;-1
0;0;-17.607;-65.2642;40.4944;11.491;-1;-1;-1;-1;-1;-1;0;0;0;-1
0;0;-19.2236;-47.1215;40.3629;10.2878;-1;-1;-1;-1;-1;-1;0;0;0;-1
0;0;-15.6551;-27.5609;38.7934;10.3822;-1;-1;-1;-1;-1;-1;0;0;0;-1
0;0;-18.8886;-8.90918;40.9217;9.86749;-1;-1;-1;-1;-1;-1;0;0;0;-1
0;0;-17.6221;8.089;41.7934;10.6477;-1;-1;-1;-1;-1;-1;0;0;0;-1
0;0;-16.9062;23.7607;41.2162;11.006;-1;-1;-1;-1;-1;-1;0;0;0;-1
0;0;-16.5382;46.9949;39.4854;10.032;-1;-1;-1;-1;-1;-1;0;0;0;-1
0;0;-17.7035;64.2591;42.2044;9.5;-1;-1;-1;-1;-1;-1;0;1;65.9242;-1
0;0;-18.9068;81.329;40.5902;10.5596;-1;-1;-1;-1;-1;-1;0;0;0;-1
0;0;-1.49278;-70.3346;42.8834;11.5173;-1;-1;-1;-1;-1;-1;0;0;0;-1
0;0;-1.4727;-52.2758;38.7685;10.52;-1;-1;-1;-1;-1;-1;0;0;0;-1
0;0;-2.43256;-34.5809;41.315;10.4578;-1;-1;-1;-1;-1;-1;0;0;0;-1
0;0;-0.933793;-19.7576;39.246;10.2772;-1;-1;-1;-1;-1;-1;0;0;0;-1
0;0;-0.0323309;-0.997929;40.6887;9.5;-1;-1;-1;-1;-1;-1;0;1;94.1245;-1
0;0;-1.89713;20.3424;38.6105;10.3705;-1;-1;-1;-1;-1;-1;0;0;0;-1
0;0;-2.00287;35.6891;40.8268;10.6002;-1;-1;-1;-1;-1;-1;0;0;0;-1
0;0;0.661417;54.0233;42.4554;11.3225;-1;-1;-1;-1;-1;-1;0;0;0;-1
0;0;-0.775783;71.1102;40.6563;11.4523;-1;-1;-1;-1;-1;-1;0;0;0;-1
0;0;-2.92789;89.0862;41.0065;10.8396;-1;-1;-1;-1;-1;-1;0;0;0;-1
0;0;12.2295;-80.9709;41.9164;9.5;-1;-1;-1;-1;-1;-1;0;1;150.003;-1
0;0;13.4267;-62.0255;40.991;11.0198;-1;-1;-1;-1;-1;-1;0;0;0;-1
0;0;14.858;-44.6692;40.5122;10.1578;-1;-1;-1;-1;-1;-1;0;0;0;-1
0;0;15.6038;-29.5193;40.7309;10.5752;-1;-1;-1;-1;-1;-1;0;0;0;-1
0;0;15.828;-10.279;41.6888;9.50782;-1;-1;-1;-1;-1;-1;0;0;0;-1
0;0;13.446;6.09893;39.7975;11.441;-1;-1;-1;-1;-1;-1;0;0;0;-1
0;0;14.6096;25.1603;41.7458;9.5;-1;-1;-1;-1;-1;-1;0;1;161.033;-1
0;0;13.3515;45.2112;42.9053;9.5;-1;-1;-1;-1;-1;-1;0;1;114.276;-1
0;0;13.0464;61.5544;41.9583;9.58055;-1;-1;-1;-1;-1;-1;0;0;0;-1
0;0;15.6661;80.1127;42.9495;9.5;-1;-1;-1;-1;-1;-1;0;1;59.4641;-1
0;0;30.5353;-74.309;41.1275;9.5;-1;-1;-1;-1;-1;-1;0;1;42.7456;-1
0;0;29.1249;-55.3373;40.8131;9.5;-1;-1;-1;-1;-1;-1;0;1;75.3684;-1
0;0;28.6634;-37.7222;39.6569;10.62;-1;-1;-1;-1;-1;-1;0;0;0;-1
0;0;29.9574;-17.5678;41.7283;11.0212;-1;-1;-1;-1;-1;-1;0;0;0;-1
0;0;31.2052;0.525623;39.1972;9.90391;-1;-1;-1;-1;-1;-1;0;0;0;-1
0;0;28.1489;17.2951;41.4885;9.82988;-1;-1;-1;-1;-1;-1;0;0;0;-1
0;0;30.4464;37.0429;40.0875;10.1421;-1;-1;-1;-1;-1;-1;0;0;0;-1
0;0;29.0091;52.1305;42.8701;9.60295;-1;-1;-1;-1;-1;-1;0;0;0;-1
0;0;29.0946;73.0179;39.8213;9.5;-1;-1;-1;-1;-1;-1;0;1;8.37006;-1
0;0;46.49;-65.1512;38.4312;10.3178;-1;-1;-1;-1;-1;-1;0;0;0;-1
0;0;46.815;-47.9046;38.3674;11.6464;-1;-1;-1;-1;-1;-1;0;0;0;-1
0;0;43.3448;-28.082;38.3561;10.9078;-1;-1;-1;-1;-1;-1;0;0;0;-1
0;0;43.7305;-7.38213;42.6898;10.7086;-1;-1;-1;-1;-1;-1;0;0;0;-1
0;0;44.4358;6.54875;40.667;10.0602;-1;-1;-1;-1;-1;-1;0;0;0;-1
0;0;44.1406;26.6748;38.6652;9.5;-1;-1;-1;-1;-1;-1;0;1;40.2938;-1
0;0;44.9691;47.0999;39.6874;9.55653;-1;-1;-1;-1;-1;-1;0;0;0;-1
0;0;47.1489;60.9915;39.6177;11.2891;-1;-1;-1;-1;-1;-1;0;0;0;-1
0;0;61.7917;-54.8414;38.9115;10.9845;-1;-1;-1;-1;-1;-1;0;0;0;-1
0;0;61.8615;-34.3996;41.8067;10.5132;-1;-1;-1;-1;-1;-1;0;0;0;-1
0;0;62.3119;-20.6394;40.4265;9.92766;-1;-1;-1;-1;-1;-1;0;0;0;-1
0;0;60.9338;-0.00755023;41.5713;9.7356;-1;-1;-1;-1;-1;-1;0;0;0;-1
0;0;62.168;18.0768;40.4376;11.5987;-1;-1;-1;-1;-1;-1;0;0;0;-1
0;0;61.6122;36.1589;39.6122;10.8959;-1;-1;-1;-1;-1;-1;0;0;0;-1
0;0;62.112;52.1451;39.7565;10.4042;-1;-1;-1;-1;-1;-1;0;0;0;-1
0;0;77.0787;-30.4254;39.5364;10.9731;-1;-1;-1;-1;-1;-1;0;0;0;-1
0;0;76.4595;-10.3471;42.1519;9.5;-1;-1;-1;-1;-1;-1;0;1;41.0712;-1
0;0;78.8606;9.96704;41.0943;10.5779;-1;-1;-1;-1;-1;-1;0;0;0;-1
0;0;78.2233;27.4475;41.3084;9.83191;-1;-1;-1;-1;-1;-1;0;0;0;-1
0;0;77.1938;45.5785;38.5503;11.2547;-1;-1;-1;-1;-1;-1;0;0;0;-1
0;0;-66.642;-30.4239;54.1497;11.2305;-1;-1;-1;-1;-1;-1;0;0;0;-1
0;0;-67.6112;-11.1614;55.0101;9.5;-1;-1;-1;-1;-1;-1;0;1;22.4426;-1
0;0;-70.7245;9.28988;57.8193;10.5042;-1;-1;-1;-1;-1;-1;0;0;0;-1
0;0;-66.8705;25.98;58.1657;11.6063;-1;-1;-1;-1;-1;-1;0;0;0;-1
0;0;-53.0899;-52.0725;56.3818;9.5;-1;-1;-1;-1;-1;-1;0;1;141.494;-1
0;0;-54.7423;-37.824;56.2364;11.5884;-1;-1;-1;-1;-1;-1;0;0;0;-1
0;0;-51.9891;-19.9985;55.4619;10.4489;-1;-1;-1;-1;-1;-1;0;0;0;-1
0;0;-52.5488;-2.34287;57.8235;11.3231;-1;-1;-1;-1;-1;-1;0;0;0;-1
0;0;-54.0855;17.5777;58.0234;10.5088;-1;-1;-1;-1;-1;-1;0;0;0;-1
0;0;-51.8373;36.7535;55.0327;11.2281;-1;-1;-1;-1;-1;-1;0;0;0;-1
0;0;-50.9717;55.4751;56.6911;11.6846;-1;-1;-1;-1;-1;-1;0;0;0;-1
0;0;-37.5226;-65.1745;58.5152;10.0713;-1;-1;-1;-1;-1;-1;0;0;0;-1
0;0;-36.065;-43.6806;54.7573;11.3564;-1;-1;-1;-1;-1;-1;0;0;0;-1
0;0;-35.813;-26.6183;55.1049;11.4337;-1;-1;-1;-1;-1;-1;0;0;0;-1
0;0;-38.4311;-11.5358;55.9789;10.569;-1;-1;-1;-1;-1;-1;0;0;0;-1
0;0;-36.0427;7.99828;54.4524;10.7321;-1;-1;-1;-1;-1;-1;0;0;0;-1
0;0;-36.9133;24.8141;56.1098;9.95557;-1;-1;-1;-1;-1;-1;0;0;0;-1
0;0;-38.6583;43.1273;57.7142;9.5;-1;-1;-1;-1;-1;-1;0;1;104.854;-1
0;0;-39.5099;62.9892;57.609;9.5;-1;-1;-1;-1;-1;-1;0;1;46.6694;-1
0;0;-21.8386;-74.9978;55.9529;10.9844;-1;-1;-1;-1;-1;-1;0;0;0;-1
0;0;-24.1065;-55.918;55.3885;11.5956;-1;-1;-1;-1;-1;-1;0;0;0;-1
0;0;-22.3439;-35.2766;54.5739;9.5;-1;-1;-1;-1;-1;-1;0;1;6.6767;-1
0;0;-22.8445;-19.5107;55.8134;10.9293;-1;-1;-1;-1;-1;-1;0;0;0;-1
0;0;-22.9338;2.14822;54.7559;9.58307;-1;-1;-1;-1;-1;-1;0;0;0;-1
0;0;-20.2177;17.6686;55.0766;9.5;-1;-1;-1;-1;-1;-1;0;1;97.8099;-1
0;0;-21.8231;37.486;56.7906;10.9943;-1;-1;-1;-1;-1;-1;0;0;0;-1
0;0;-22.2189;56.0267;56.4827;9.5;-1;-1;-1;-1;-1;-1;0;1;161.63;-1
0;0;-23.9001;70.0595;55.5372;10.726;-1;-1;-1;-1;-1;-1;0;0;0;-1
0;0;-7.17372;-65.8749;55.202;11.6116;-1;-1;-1;-1;-1;-1;0;0;0;-1
0;0;-4.52179;-45.9275;54.1764;10.5077;-1;-1;-1;-1;-1;-1;0;0;0;-1
0;0;-7.15437;-26.337;55.3264;11.3744;-1;-1;-1;-1;-1;-1;0;0;0;-1
0;0;-5.13036;-8.8382;55.646;10.561;-1;-1;-1;-1;-1;-1;0;0;0;-1
0;0;-5.11449;8.66122;55.0289;11.2752;-1;-1;-1;-1;-1;-1;0;0;0;-1
0;0;-8.26852;24.7854;57.8156;11.1086;-1;-1;-1;-1;-1;-1;0;0;0;-1
0;0;-7.94283;43.2877;57.7923;9.5;-1;-1;-1;-1;-1;-1;0;1;25.385;-1
0;0;-6.52262;63.0411;57.3916;10.3122;-1;-1;-1;-1;-1;-1;0;0;0;-1
0;0;-4.34288;78.3495;57.3265;9.68401;-1;-1;-1;-1;-1;-1;0;0;0;-1
0;0;7.51857;-72.7127;57.0743;9.89101;-1;-1;-1;-1;-1;-1;0;0;0;-1
0;0;8.4808;-52.7255;55.7259;10.5056;-1;-1;-1;-1;-1;-1;0;0;0;-1
0;0;7.166;-36.7018;54.8174;9.5;-1;-1;-1;-1;-1;-1;0;1;56.9688;-1
0;0;9.06995;-16.4709;54.7011;9.71413;-1;-1;-1;-1;-1;-1;0;0;0;-1
0;0;9.13862;2.03826;55.8762;10.7815;-1;-1;-1;-1;-1;-1;0;0;0;-1
0;0;8.89695;15.1914;57.9683;11.4945;-1;-1;-1;-1;-1;-1;0;0;0;-1
0;0;11.6607;34.4986;57.038;11.2155;-1;-1;-1;-1;-1;-1;0;0;0;-1
0;0;7.88256;53.68;54.5385;11.4299;-1;-1;-1;-1;-1;-1;0;0;0;-1
0;0;11.5755;72.9709;55.519;10.1207;-1;-1;-1;-1;-1;-1;0;0;0;-1
0;0;26.0728;-66.1487;57.6183;10.6428;-1;-1;-1;-1;-1;-1;0;0;0;-1
0;0;22.9694;-45.9691;57.5778;11.1708;-1;-1;-1;-1;-1;-1;0;0;0;-1
0;0;27.1226;-26.0246;56.5769;10.2202;-1;-1;-1;-1;-1;-1;0;0;0;-1
0;0;24.6157;-11.5689;57.4066;10.0935;-1;-1;-1;-1;-1;-1;0;0;0;-1
0;0;25.2607;10.2075;56.3978;10.2041;-1;-1;-1;-1;-1;-1;0;0;0;-1
0;0;23.1061;24.365;57.0151;10.4461;-1;-1;-1;-1;-1;-1;0;0;0;-1
0;0;25.8259;44.0477;58.3616;10.056;-1;-1;-1;-1;-1;-1;0;0;0;-1
0;0;25.5379;63.9504;56.244;10.2125;-1;-1;-1;-1;-1;-1;0;0;0;-1
0;0;39.1394;-70.4223;56.1089;9.93383;-1;-1;-1;-1;-1;-1;0;0;0;-1
0;0;41.9647;-52.2502;54.2067;10.7789;-1;-1;-1;-1;-1;-1;0;0;0;-1
0;0;42.0639;-34.26;57.1688;11.2796;-1;-1;-1;-1;-1;-1;0;0;0;-1
0;0;40.4493;-17.8693;54.293;10.4776;-1;-1;-1;-1;-1;-1;0;0;0;-1
0;0;39.5288;0.998279;55.1469;11.4371;-1;-1;-1;-1;-1;-1;0;0;0;-1
0;0;42.3194;19.7036;56.8995;9.65116;-1;-1;-1;-1;-1;-1;0;0;0;-1
0;0;42.3301;33.3127;56.7754;11.5546;-1;-1;-1;-1;-1;-1;0;0;0;-1
0;0;39.2728;51.9543;56.9251;9.82567;-1;-1;-1;-1;-1;-1;0;0;0;-1
0;0;39.2814;70.8406;54.8025;10.107;-1;-1;-1;-1;-1;-1;0;0;0;-1
0;0;56.2091;-43.3173;55.0373;10.5225;-1;-1;-1;-1;-1;-1;0;0;0;-1
0;0;55.5201;-28.6559;54.4015;9.5;-1;-1;-1;-1;-1;-1;0;1;45.2114;-1
0;0;56.9113;-9.58803;56.6149;10.0081;-1;-1;-1;-1;-1;-1;0;0;0;-1
0;0;56.2586;7.87926;55.6111;10.6104;-1;-1;-1;-1;-1;-1;0;0;0;-1
0;0;58.2194;26.9343;56.8231;10.7189;-1;-1;-1;-1;-1;-1;0;0;0;-1
0;0;58.1817;45.082;55.5846;9.68482;-1;-1;-1;-1;-1;-1;0;0;0;-1
0;0;70.7025;-34.4577;54.3237;10.0483;-1;-1;-1;-1;-1;-1;0;0;0;-1
0;0;72.2848;-19.0905;57.2449;9.83884;-1;-1;-1;-1;-1;-1;0;0;0;-1
0;0;72.2314;-0.743476;56.6862;10.5223;-1;-1;-1;-1;-1;-1;0;0;0;-1
0;0;73.2073;16.7615;55.5161;9.69933;-1;-1;-1;-1;-1;-1;0;0;0;-1
0;0;74.2675;37.0132;54.26;9.5;-1;-1;-1;-1;-1;-1;0;1;47.6564;-1
0;0;-62.8028;-17.585;74.1313;9.51894;-1;-1;-1;-1;-1;-1;0;0;0;-1
0;0;-65.6498;-0.285779;73.5691;9.5;-1;-1;-1;-1;-1;-1;0;1;86.6579;-1
0;0;-65.8431;17.9165;70.727;9.86023;-1;-1;-1;-1;-1;-1;0;0;0;-1
0;0;-46.9704;-44.39;72.6343;9.91761;-1;-1;-1;-1;-1;-1;0;0;0;-1
0;0;-46.4074;-27.2805;71.6941;11.0328;-1;-1;-1;-1;-1;-1;0;0;0;-1
0;0;-49.7122;-12.1974;71.4905;9.5;-1;-1;-1;-1;-1;-1;0;1;125.943;-1
0;0;-49.43;6.81169;69.7323;11.6747;-1;-1;-1;-1;-1;-1;0;0;0;-1
0;0;-49.467;27.4617;72.9339;9.6533;-1;-1;-1;-1;-1;-1;0;0;0;-1
0;0;-47.3129;46.4779;71.227;11.6508;-1;-1;-1;-1;-1;-1;0;0;0;-1
0;0;-32.6748;-55.5733;70.2738;10.8388;-1;-1;-1;-1;-1;-1;0;0;0;-1
0;0;-30.8881;-35.988;73.8254;9.91795;-1;-1;-1;-1;-1;-1;0;0;0;-1
0;0;-32.2184;-17.3948;70.0158;10.5507;-1;-1;-1;-1;-1;-1;0;0;0;-1
0;0;-31.2062;-1.42943;72.9442;11.0311;-1;-1;-1;-1;-1;-1;0;0;0;-1
0;0;-31.1346;15.2083;73.5199;9.5;-1;-1;-1;-1;-1;-1;0;1;143.441;-1
0;0;-32.0923;37.8345;72.5713;11.2877;-1;-1;-1;-1;-1;-1;0;0;0;-1
0;0;-32.7875;55.7602;71.0382;11.3311;-1;-1;-1;-1;-1;-1;0;0;0;-1
0;0;-17.2333;-62.935;72.3263;10.9764;-1;-1;-1;-1;-1;-1;0;0;0;-1
0;0;-16.516;-45.8848;73.9526;10.9376;-1;-1;-1;-1;-1;-1;0;0;0;-1
0;0;-16.8239;-26.7978;71.9298;10.1955;-1;-1;-1;-1;-1;-1;0;0;0;-1
0;0;-16.317;-11.2828;72.7386;10.7264;-1;-1;-1;-1;-1;-1;0;0;0;-1
0;0;-18.043;5.94914;72.6419;10.801;-1;-1;-1;-1;-1;-1;0;0;0;-1
0;0;-17.3502;24.2274;70.3877;10.464;-1;-1;-1;-1;-1;-1;0;0;0;-1
0;0;-19.1731;43.2729;73.6605;11.6197;-1;-1;-1;-1;-1;-1;0;0;0;-1
0;0;-16.7454;60.6427;73.5585;10.5888;-1;-1;-1;-1;-1;-1;0;0;0;-1
0;0;-1.92016;-53.9875;69.9351;10.6263;-1;-1;-1;-1;-1;-1;0;0;0;-1
0;0;-3.34275;-38.4344;72.5383;10.9812;-1;-1;-1;-1;-1;-1;0;0;0;-1
0;0;-1.18058;-17.452;72.4035;10.1721;-1;-1;-1;-1;-1;-1;0;0;0;-1
0;0;0.316561;-2.38886;72.9846;9.53392;-1;-1;-1;-1;-1;-1;0;0;0;-1
0;0;0.23456;18.5372;71.2364;11.0825;-1;-1;-1;-1;-1;-1;0;0;0;-1
0;0;0.855681;38.0804;70.7962;11.244;-1;-1;-1;-1;-1;-1;0;0;0;-1
0;0;-3.32263;52.4365;73.5145;11.2825;-1;-1;-1;-1;-1;-1;0;0;0;-1
0;0;0.59755;70.1068;70.4504;9.5;-1;-1;-1;-1;-1;-1;0;1;50.7151;-1
0;0;15.2621;-65.7349;69.6848;10.545;-1;-1;-1;-1;-1;-1;0;0;0;-1
0;0;11.9985;-45.02;72.1138;10.4795;-1;-1;-1;-1;-1;-1;0;0;0;-1
0;0;15.0908;-26.8653;73.1183;10.1055;-1;-1;-1;-1;-1;-1;0;0;0;-1
0;0;14.5075;-11.2336;70.3258;9.5;-1;-1;-1;-1;-1;-1;0;1;16.9205;-1
0;0;13.3024;8.62007;72.6649;11.3441;-1;-1;-1;-1;-1;-1;0;0;0;-1
0;0;13.9208;23.7914;72.7173;9.5;-1;-1;-1;-1;-1;-1;0;1;64.3773;-1
0;0;12.7898;42.3022;71.9429;10.6579;-1;-1;-1;-1;-1;-1;0;0;0;-1
0;0;15.9426;63.3097;70.9213;11.2588;-1;-1;-1;-1;-1;-1;0;0;0;-1
0;0;29.5083;-55.7408;73.5537;9.5;-1;-1;-1;-1;-1;-1;0;1;103.433;-1
0;0;28.66;-38.24;73.5274;9.5;-1;-1;-1;-1;-1;-1;0;1;111.992;-1
0;0;32.022;-17.1688;71.0288;11.3904;-1;-1;-1;-1;-1;-1;0;0;0;-1
0;0;31.83;-1.30226;71.6978;9.5;-1;-1;-1;-1;-1;-1;0;1;116.655;-1
0;0;28.1422;19.5096;74.1593;9.71346;-1;-1;-1;-1;-1;-1;0;0;0;-1
0;0;28.6401;35.8591;70.9195;11.5062;-1;-1;-1;-1;-1;-1;0;0;0;-1
0;0;27.8844;54.6656;70.6703;10.3356;-1;-1;-1;-1;-1;-1;0;0;0;-1
0;0;45.2469;-43.8834;72.3627;9.77661;-1;-1;-1;-1;-1;-1;0;0;0;-1
0;0;47.7293;-27.7772;73.8443;9.58878;-1;-1;-1;-1;-1;-1;0;0;0;-1
0;0;45.7711;-9.41766;73.5812;10.1269;-1;-1;-1;-1;-1;-1;0;0;0;-1
0;0;43.1558;8.22157;72.4795;10.331;-1;-1;-1;-1;-1;-1;0;0;0;-1
0;0;46.1163;24.8631;73.5385;9.79943;-1;-1;-1;-1;-1;-1;0;0;0;-1
0;0;47.0998;42.852;74.0175;10.9708;-1;-1;-1;-1;-1;-1;0;0;0;-1
0;0;62.365;-19.278;71.1402;9.5;-1;-1;-1;-1;-1;-1;0;1;32.0216;-1
0;0;61.7251;2.22866;73.5397;9.75998;-1;-1;-1;-1;-1;-1;0;0;0;-1
0;0;61.7407;17.0341;73.1889;10.408;-1;-1;-1;-1;-1;-1;0;0;0;-1
0;0;-36.5503;-25.7585;86.7769;10.0443;-1;-1;-1;-1;-1;-1;0;0;0;-1
0;0;-37.3709;-9.3495;85.5961;9.79351;-1;-1;-1;-1;-1;-1;0;0;0;-1
0;0;-36.5126;7.15642;85.6058;9.67241;-1;-1;-1;-1;-1;-1;0;0;0;-1
0;0;-24.1465;-34.4015;86.1934;11.0994;-1;-1;-1;-1;-1;-1;0;0;0;-1
0;0;-22.0717;-19.8984;87.0991;10.1671;-1;-1;-1;-1;-1;-1;0;0;0;-1
0;0;-21.4359;0.173606;88.7856;9.5;-1;-1;-1;-1;-1;-1;0;1;96.7644;-1
0;0;-24.0869;15.2525;89.2527;10.0715;-1;-1;-1;-1;-1;-1;0;0;0;-1
0;0;-19.5433;38.4609;86.7685;10.1338;-1;-1;-1;-1;-1;-1;0;0;0;-1
0;0;-4.63794;-45.9684;86.2283;11.3709;-1;-1;-1;-1;-1;-1;0;0;0;-1
0;0;-7.90495;-26.2651;88.1808;11.4401;-1;-1;-1;-1;-1;-1;0;0;0;-1
0;0;-7.37158;-7.73477;88.1923;10.4833;-1;-1;-1;-1;-1;-1;0;0;0;-1
0;0;-7.39715;10.7099;87.755;11.0431;-1;-1;-1;-1;-1;-1;0;0;0;-1
0;0;-7.19316;28.9561;88.2446;9.5;-1;-1;-1;-1;-1;-1;0;1;75.5415;-1
0;0;-7.50326;41.7958;89.0086;9.5;-1;-1;-1;-1;-1;-1;0;1;63.4043;-1
0;0;11.218;-33.9506;85.9759;10.6072;-1;-1;-1;-1;-1;-1;0;0;0;-1
0;0;10.7499;-18.3702;87.6989;10.336;-1;-1;-1;-1;-1;-1;0;0;0;-1
0;0;11.7629;-1.50188;87.4798;11.6307;-1;-1;-1;-1;-1;-1;0;0;0;-1
0;0;7.08012;15.938;86.6708;10.6135;-1;-1;-1;-1;-1;-1;0;0;0;-1
0;0;11.1995;35.3995;89.3759;9.5;-1;-1;-1;-1;-1;-1;0;1;131.442;-1
0;0;26.7307;-26.1961;85.4881;10.6954;-1;-1;-1;-1;-1;-1;0;0;0;-1
0;0;25.413;-11.6157;88.1222;11.46;-1;-1;-1;-1;-1;-1;0;0;0;-1
0;0;24.5941;6.76361;87.9836;9.71484;-1;-1;-1;-1;-1;-1;0;0;0;-1
0;0;25.5249;24.9922;86.116;10.33;-1;-1;-1;-1;-1;-1;0;0;0;-1
0;0;38.4441;-19.4749;86.3894;10.4203;-1;-1;-1;-1;-1;-1;0;0;0;-1
0;0;42.6106;-2.75832;88.1272;11.4447;-1;-1;-1;-1;-1;-1;0;0;0;-1
0;0;42.8532;18.4626;88.159;9.64008;-1;-1;-1;-1;-1;-1;0;0;0;-1
