%% Automatically generated initial file with PhysiCell_CreateInitFile executable
0;0;-397.126;-43.9338;-0.162395;8.57094;-1;-1;-1;-1;-1;-1;0;0;0;-1
0;0;-398.508;-22.6185;0.538277;8.72617;-1;-1;-1;-1;-1;-1;0;0;0;-1
0;0;-398.501;6.28873;-0.146041;9.04434;-1;-1;-1;-1;-1;-1;0;0;0;-1
0;0;-397.491;26.4538;0.326222;10.4371;-1;-1;-1;-1;-1;-1;0;0;0;-1
0;0;-377.289;-129.196;-0.105895;9.81227;-1;-1;-1;-1;-1;-1;0;0;0;-1
0;0;-377;-108.858;-0.960458;9.10062;-1;-1;-1;-1;-1;-1;0;0;0;-1
0;0;-381.471;-83.6219;0.132928;10.3344;-1;-1;-1;-1;-1;-1;0;0;0;-1
0;0;-379.591;-61.2867;-0.217724;8.5;-1;-1;-1;-1;-1;-1;0;1;131.597;-1
0;0;-381.713;-34.677;0.223793;10.1667;-1;-1;-1;-1;-1;-1;0;0;0;-1
0;0;-381.277;-8.13677;0.267506;8.5;-1;-1;-1;-1;-1;-1;0;1;154.299;-1
0;0;-382.067;12.1298;0.923287;8.9297;-1;-1;-1;-1;-1;-1;0;0;0;-1
0;0;-379.324;35.9728;0.191713;9.09583;-1;-1;-1;-1;-1;-1;0;0;0;-1
0;0;-376.429;59.984;0.27512;8.92541;-1;-1;-1;-1;-1;-1;0;0;0;-1
0;0;-378.512;86.5137;0.262254;9.61395;-1;-1;-1;-1;-1;-1;0;0;0;-1
0;0;-380.815;108.198;-0.433559;8.5;-1;-1;-1;-1;-1;-1;0;1;140.288;-1
0;0;-361.336;-162.489;0.968708;8.75499;-1;-1;-1;-1;-1;-1;0;0;0;-1
0;0;-361.046;-137.036;0.863763;8.74269;-1;-1;-1;-1;-1;-1;0;0;0;-1
0;0;-360.147;-114.055;-0.337834;9.57042;-1;-1;-1;-1;-1;-1;0;0;0;-1
0;0;-355.884;-93.089;0.650649;9.89276;-1;-1;-1;-1;-1;-1;0;0;0;-1
0;0;-360.75;-67.2292;-0.391259;10.1875;-1;-1;-1;-1;-1;-1;0;0;0;-1
0;0;-359.726;-41.5307;-0.744067;9.41982;-1;-1;-1;-1;-1;-1;0;0;0;-1
0;0;-357.811;-17.1374;-0.0719116;8.5;-1;-1;-1;-1;-1;-1;0;1;83.7659;-1
0;0;-357.475;6.95217;0.0984114;9.28848;-1;-1;-1;-1;-1;-1;0;0;0;-1
0;0;-356.707;27.4881;-0.149394;8.5;-1;-1;-1;-1;-1;-1;0;1;68.6848;-1
0;0;-357.919;52.4551;-0.883507;8.97101;-1;-1;-1;-1;-1;-1;0;0;0;-1
0;0;-356.726;74.6565;0.606535;8.88623;-1;-1;-1;-1;-1;-1;0;0;0;-1
0;0;-357.122;101.369;-0.48759;9.4809;-1;-1;-1;-1;-1;-1;0;0;0;-1
0;0;-358.057;125.03;-0.526409;9.76772;-1;-1;-1;-1;-1;-1;0;0;0;-1
0;0;-355.876;145.611;-0.551513;9.94513;-1;-1;-1;-1;-1;-1;0;0;0;-1
0;0;-340.066;-200.531;0.958204;8.5;-1;-1;-1;-1;-1;-1;0;1;129.776;-1
0;0;-340.299;-174.019;0.272773;8.6942;-1;-1;-1;-1;-1;-1;0;0;0;-1
0;0;-339.182;-152.329;0.115613;9.5279;-1;-1;-1;-1;-1;-1;0;0;0;-1
0;0;-338.672;-131.189;0.0251467;9.56482;-1;-1;-1;-1;-1;-1;0;0;0;-1
0;0;-339.917;-109.358;0.992741;9.35661;-1;-1;-1;-1;-1;-1;0;0;0;-1
0;0;-338.65;-79.9208;-0.895274;9.26063;-1;-1;-1;-1;-1;-1;0;0;0;-1
0;0;-335.46;-57.7333;0.306789;9.50334;-1;-1;-1;-1;-1;-1;0;0;0;-1
0;0;-336.59;-35.2875;-0.259345;8.5;-1;-1;-1;-1;-1;-1;0;1;80.6183;-1
0;0;-338.921;-7.36702;-0.159278;9.1772;-1;-1;-1;-1;-1;-1;0;0;0;-1
0;0;-335.138;10.3242;-0.414348;8.51197;-1;-1;-1;-1;-1;-1;0;0;0;-1
0;0;-338.784;33.4797;0.366825;10.1;-1;-1;-1;-1;-1;-1;0;0;0;-1
0;0;-340.148;61.8265;-0.24137;9.01254;-1;-1;-1;-1;-1;-1;0;0;0;-1
0;0;-339.794;86.6107;-0.0550736;8.87896;-1;-1;-1;-1;-1;-1;0;0;0;-1
0;0;-335.615;111.608;-0.465073;8.5;-1;-1;-1;-1;-1;-1;0;1;13.2839;-1
0;0;-337.362;130.762;-0.713224;8.5;-1;-1;-1;-1;-1;-1;0;1;56.7756;-1
0;0;-337.215;156.303;0.017877;8.5;-1;-1;-1;-1;-1;-1;0;1;159.818;-1
0;0;-338.808;178.158;0.676167;8.94676;-1;-1;-1;-1;-1;-1;0;0;0;-1
0;0;-339.726;203.335;0.70193;8.5;-1;-1;-1;-1;-1;-1;0;1;91.9783;-1
0;0;-314.705;-233.536;0.967815;9.32325;-1;-1;-1;-1;-1;-1;0;0;0;-1
0;0;-318.288;-210.704;0.954416;9.86856;-1;-1;-1;-1;-1;-1;0;0;0;-1
0;0;-317.5;-185.17;-0.0456431;8.76936;-1;-1;-1;-1;-1;-1;0;0;0;-1
0;0;-319.607;-163.168;0.729073;9.44113;-1;-1;-1;-1;-1;-1;0;0;0;-1
0;0;-320.575;-134.678;-0.565596;9.47517;-1;-1;-1;-1;-1;-1;0;0;0;-1
0;0;-317.176;-115.748;0.703044;9.85777;-1;-1;-1;-1;-1;-1;0;0;0;-1
0;0;-316.162;-90.5036;-0.878705;8.76474;-1;-1;-1;-1;-1;-1;0;0;0;-1
0;0;-315.212;-66.619;0.305253;8.5;-1;-1;-1;-1;-1;-1;0;1;70.7836;-1
0;0;-317.748;-44.9334;0.309421;10.2269;-1;-1;-1;-1;-1;-1;0;0;0;-1
0;0;-320.313;-17.3163;0.535006;8.70612;-1;-1;-1;-1;-1;-1;0;0;0;-1
0;0;-314.67;7.01974;0.569967;10.148;-1;-1;-1;-1;-1;-1;0;0;0;-1
0;0;-315.462;26.7676;-0.0245631;9.83667;-1;-1;-1;-1;-1;-1;0;0;0;-1
0;0;-317.531;50.5132;0.236194;8.5;-1;-1;-1;-1;-1;-1;0;1;128.916;-1
0;0;-319.282;73.2047;-0.225619;9.56204;-1;-1;-1;-1;-1;-1;0;0;0;-1
0;0;-315.128;102.623;-0.455418;9.77991;-1;-1;-1;-1;-1;-1;0;0;0;-1
0;0;-318.977;126.066;-0.0412291;8.5;-1;-1;-1;-1;-1;-1;0;1;75.9442;-1
0;0;-316.798;147.485;-0.210588;10.4336;-1;-1;-1;-1;-1;-1;0;0;0;-1
0;0;-315.237;168.94;0.174483;9.87329;-1;-1;-1;-1;-1;-1;0;0;0;-1
0;0;-318.65;197.307;0.163013;9.80746;-1;-1;-1;-1;-1;-1;0;0;0;-1
0;0;-315.499;218.31;-0.335287;9.3561;-1;-1;-1;-1;-1;-1;0;0;0;-1
0;0;-315.864;241.131;-0.271692;8.5;-1;-1;-1;-1;-1;-1;0;1;56.4006;-1
0;0;-297.046;-246.634;-0.587358;8.5;-1;-1;-1;-1;-1;-1;0;1;63.1796;-1
0;0;-295.582;-221.497;-0.746673;9.00323;-1;-1;-1;-1;-1;-1;0;0;0;-1
0;0;-294.137;-199.416;0.761071;8.5;-1;-1;-1;-1;-1;-1;0;1;71.7326;-1
0;0;-298.371;-180.448;0.380058;8.5;-1;-1;-1;-1;-1;-1;0;1;14.0893;-1
0;0;-295.667;-156.634;-0.515003;9.11663;-1;-1;-1;-1;-1;-1;0;0;0;-1
0;0;-299.524;-130.01;-0.300238;9.70791;-1;-1;-1;-1;-1;-1;0;0;0;-1
0;0;-295.373;-104.135;-0.49945;10.2555;-1;-1;-1;-1;-1;-1;0;0;0;-1
0;0;-298.816;-82.4851;0.240813;9.42022;-1;-1;-1;-1;-1;-1;0;0;0;-1
0;0;-299.78;-60.0167;-0.264325;9.74461;-1;-1;-1;-1;-1;-1;0;0;0;-1
0;0;-295.355;-37.3335;-0.236149;9.66784;-1;-1;-1;-1;-1;-1;0;0;0;-1
0;0;-298.734;-13.1991;0.0137605;8.5;-1;-1;-1;-1;-1;-1;0;1;109.684;-1
0;0;-295.975;9.81624;0.36916;8.5;-1;-1;-1;-1;-1;-1;0;1;153.446;-1
0;0;-298.293;37.5506;-0.0930286;8.5;-1;-1;-1;-1;-1;-1;0;1;81.9751;-1
0;0;-293.966;59.4119;-0.25523;9.59595;-1;-1;-1;-1;-1;-1;0;0;0;-1
0;0;-297.112;86.5903;0.139726;10.05;-1;-1;-1;-1;-1;-1;0;0;0;-1
0;0;-294.758;109.89;0.311814;9.64809;-1;-1;-1;-1;-1;-1;0;0;0;-1
0;0;-298.055;130.872;0.0632674;9.87454;-1;-1;-1;-1;-1;-1;0;0;0;-1
0;0;-298.409;153.504;-0.386633;10.1976;-1;-1;-1;-1;-1;-1;0;0;0;-1
0;0;-298.203;178.032;0.471174;9.15939;-1;-1;-1;-1;-1;-1;0;0;0;-1
0;0;-295.72;203.211;0.110568;8.54889;-1;-1;-1;-1;-1;-1;0;0;0;-1
0;0;-295.803;225.561;-0.73339;8.93643;-1;-1;-1;-1;-1;-1;0;0;0;-1
0;0;-299.423;249.469;-0.601133;10.324;-1;-1;-1;-1;-1;-1;0;0;0;-1
0;0;-279.313;-277.91;-0.685144;9.74339;-1;-1;-1;-1;-1;-1;0;0;0;-1
0;0;-273.247;-260.15;0.686402;10.1988;-1;-1;-1;-1;-1;-1;0;0;0;-1
0;0;-277.846;-233.747;-0.733857;10.0499;-1;-1;-1;-1;-1;-1;0;0;0;-1
0;0;-278.801;-209.729;0.356387;9.17643;-1;-1;-1;-1;-1;-1;0;0;0;-1
0;0;-277.058;-183.896;0.412294;8.77871;-1;-1;-1;-1;-1;-1;0;0;0;-1
0;0;-274.686;-159.654;0.410235;9.85089;-1;-1;-1;-1;-1;-1;0;0;0;-1
0;0;-275.184;-140.65;0.489173;8.5;-1;-1;-1;-1;-1;-1;0;1;10.8933;-1
0;0;-278.939;-112.939;0.230844;10.2642;-1;-1;-1;-1;-1;-1;0;0;0;-1
0;0;-275.989;-92.8067;0.450218;9.76244;-1;-1;-1;-1;-1;-1;0;0;0;-1
0;0;-278.799;-65.6549;-0.288164;9.94813;-1;-1;-1;-1;-1;-1;0;0;0;-1
0;0;-279.088;-39.5951;-0.403261;9.44009;-1;-1;-1;-1;-1;-1;0;0;0;-1
0;0;-278.871;-16.7052;0.459646;9.1276;-1;-1;-1;-1;-1;-1;0;0;0;-1
0;0;-273.33;7.87592;0.0800861;9.04746;-1;-1;-1;-1;-1;-1;0;0;0;-1
0;0;-276.367;31.2568;0.205907;10.2934;-1;-1;-1;-1;-1;-1;0;0;0;-1
0;0;-274.834;50.9873;-0.931259;9.28726;-1;-1;-1;-1;-1;-1;0;0;0;-1
0;0;-275.326;73.0151;-0.898114;10.2016;-1;-1;-1;-1;-1;-1;0;0;0;-1
0;0;-277.269;103.049;0.0996111;10.2413;-1;-1;-1;-1;-1;-1;0;0;0;-1
0;0;-275.439;121.723;0.188306;9.7381;-1;-1;-1;-1;-1;-1;0;0;0;-1
0;0;-276.034;148.385;-0.476859;8.5;-1;-1;-1;-1;-1;-1;0;1;77.9496;-1
0;0;-273.58;172.434;-0.77053;10.233;-1;-1;-1;-1;-1;-1;0;0;0;-1
0;0;-273.909;191.943;0.429671;9.10885;-1;-1;-1;-1;-1;-1;0;0;0;-1
0;0;-279.167;217.096;-0.871658;9.62491;-1;-1;-1;-1;-1;-1;0;0;0;-1
0;0;-275.641;239.077;-0.358944;9.36534;-1;-1;-1;-1;-1;-1;0;0;0;-1
0;0;-275.171;267.206;0.453644;9.28106;-1;-1;-1;-1;-1;-1;0;0;0;-1
0;0;-256.947;-294.827;0.852214;9.87814;-1;-1;-1;-1;-1;-1;0;0;0;-1
0;0;-258.727;-270.351;-0.984726;9.90643;-1;-1;-1;-1;-1;-1;0;0;0;-1
0;0;-255.451;-245.589;-0.154636;8.5;-1;-1;-1;-1;-1;-1;0;1;45.5976;-1
0;0;-253.893;-225.607;-0.547964;9.72112;-1;-1;-1;-1;-1;-1;0;0;0;-1
0;0;-254.344;-202.602;0.0206417;10.2367;-1;-1;-1;-1;-1;-1;0;0;0;-1
0;0;-257.788;-178.141;0.606994;9.90697;-1;-1;-1;-1;-1;-1;0;0;0;-1
0;0;-255.58;-155.676;0.760351;9.82711;-1;-1;-1;-1;-1;-1;0;0;0;-1
0;0;-255.386;-132.602;0.679383;9.7925;-1;-1;-1;-1;-1;-1;0;0;0;-1
0;0;-252.788;-105.719;-0.226248;9.29901;-1;-1;-1;-1;-1;-1;0;0;0;-1
0;0;-258.456;-82.3449;0.415758;10.1792;-1;-1;-1;-1;-1;-1;0;0;0;-1
0;0;-258.613;-58.3063;0.702958;8.5;-1;-1;-1;-1;-1;-1;0;1;37.7206;-1
0;0;-253.065;-31.6736;-0.619726;9.0412;-1;-1;-1;-1;-1;-1;0;0;0;-1
0;0;-258.034;-9.65704;0.0561964;8.5;-1;-1;-1;-1;-1;-1;0;1;50.4382;-1
0;0;-255.758;12.3626;0.0935117;8.58581;-1;-1;-1;-1;-1;-1;0;0;0;-1
0;0;-258.223;36.9001;-0.833335;9.55368;-1;-1;-1;-1;-1;-1;0;0;0;-1
0;0;-256.341;60.1497;0.821727;9.57415;-1;-1;-1;-1;-1;-1;0;0;0;-1
0;0;-254.849;82.3788;-0.236549;9.26438;-1;-1;-1;-1;-1;-1;0;0;0;-1
0;0;-252.985;109.214;0.348772;8.73403;-1;-1;-1;-1;-1;-1;0;0;0;-1
0;0;-253.129;128.536;0.180652;9.8066;-1;-1;-1;-1;-1;-1;0;0;0;-1
0;0;-254.095;157.989;0.416671;8.5;-1;-1;-1;-1;-1;-1;0;1;55.2261;-1
0;0;-253.141;179.796;0.366575;8.5;-1;-1;-1;-1;-1;-1;0;1;73.3811;-1
0;0;-257.868;200.622;0.137647;9.20169;-1;-1;-1;-1;-1;-1;0;0;0;-1
0;0;-258.541;227.212;-0.749157;9.56439;-1;-1;-1;-1;-1;-1;0;0;0;-1
0;0;-255.805;250.754;0.445341;10.2528;-1;-1;-1;-1;-1;-1;0;0;0;-1
0;0;-253.792;274.59;0.568034;8.78411;-1;-1;-1;-1;-1;-1;0;0;0;-1
0;0;-254.947;298.501;-0.528164;8.5;-1;-1;-1;-1;-1;-1;0;1;150.023;-1
0;0;-234.836;-306.685;0.624601;9.86647;-1;-1;-1;-1;-1;-1;0;0;0;-1
0;0;-234.946;-283.889;-0.955425;8.59563;-1;-1;-1;-1;-1;-1;0;0;0;-1
0;0;-236.705;-260.765;0.535462;8.87465;-1;-1;-1;-1;-1;-1;0;0;0;-1
0;0;-232.838;-236.878;-0.598775;9.8019;-1;-1;-1;-1;-1;-1;0;0;0;-1
0;0;-234.672;-211.265;0.714899;9.38906;-1;-1;-1;-1;-1;-1;0;0;0;-1
0;0;-236.09;-188.854;0.450227;10.0804;-1;-1;-1;-1;-1;-1;0;0;0;-1
0;0;-232.852;-164.066;-0.224078;8.5;-1;-1;-1;-1;-1;-1;0;1;42.7002;-1
0;0;-236.072;-137.903;0.267124;9.34335;-1;-1;-1;-1;-1;-1;0;0;0;-1
0;0;-236.82;-116.364;0.767999;9.29434;-1;-1;-1;-1;-1;-1;0;0;0;-1
0;0;-234.077;-90.4451;-0.684605;8.76134;-1;-1;-1;-1;-1;-1;0;0;0;-1
0;0;-235.148;-66.8177;-0.685398;9.89933;-1;-1;-1;-1;-1;-1;0;0;0;-1
0;0;-233.07;-41.6007;-0.129665;8.5;-1;-1;-1;-1;-1;-1;0;1;70.3926;-1
0;0;-232.171;-16.2265;0.639422;9.32555;-1;-1;-1;-1;-1;-1;0;0;0;-1
0;0;-232.638;4.46373;0.589696;10.0314;-1;-1;-1;-1;-1;-1;0;0;0;-1
0;0;-235.022;27.206;-0.272087;8.94379;-1;-1;-1;-1;-1;-1;0;0;0;-1
0;0;-232.883;55.6853;-0.0536512;10.057;-1;-1;-1;-1;-1;-1;0;0;0;-1
0;0;-232.078;72.9722;0.95834;8.6949;-1;-1;-1;-1;-1;-1;0;0;0;-1
0;0;-236.1;101.561;0.0518442;10.2665;-1;-1;-1;-1;-1;-1;0;0;0;-1
0;0;-236.916;120.033;-0.45809;9.15431;-1;-1;-1;-1;-1;-1;0;0;0;-1
0;0;-237.226;144.42;-0.96875;8.5;-1;-1;-1;-1;-1;-1;0;1;49.0287;-1
0;0;-235.684;174.259;0.317856;8.75669;-1;-1;-1;-1;-1;-1;0;0;0;-1
0;0;-237.204;193.572;-0.69916;8.63401;-1;-1;-1;-1;-1;-1;0;0;0;-1
0;0;-235.723;220.353;-0.0295319;8.51187;-1;-1;-1;-1;-1;-1;0;0;0;-1
0;0;-235.52;244.868;-0.992635;10.2472;-1;-1;-1;-1;-1;-1;0;0;0;-1
0;0;-237.728;263.08;-0.613833;9.57756;-1;-1;-1;-1;-1;-1;0;0;0;-1
0;0;-232.662;292.09;-0.773505;9.67648;-1;-1;-1;-1;-1;-1;0;0;0;-1
0;0;-232.38;312.696;-0.210472;9.52405;-1;-1;-1;-1;-1;-1;0;0;0;-1
0;0;-215.628;-316.696;0.191081;8.81852;-1;-1;-1;-1;-1;-1;0;0;0;-1
0;0;-212.892;-299.095;-0.137889;10.0547;-1;-1;-1;-1;-1;-1;0;0;0;-1
0;0;-213.329;-274.916;-0.972263;8.7049;-1;-1;-1;-1;-1;-1;0;0;0;-1
0;0;-213.081;-246.685;-0.806172;10.0843;-1;-1;-1;-1;-1;-1;0;0;0;-1
0;0;-212.586;-228.042;-0.665508;10.4021;-1;-1;-1;-1;-1;-1;0;0;0;-1
0;0;-214.091;-198.488;0.336713;9.32609;-1;-1;-1;-1;-1;-1;0;0;0;-1
0;0;-213.216;-175.528;-0.551501;10.4378;-1;-1;-1;-1;-1;-1;0;0;0;-1
0;0;-212.242;-150.602;-0.243982;8.5;-1;-1;-1;-1;-1;-1;0;1;24.2188;-1
0;0;-214.045;-131.266;0.656432;8.85402;-1;-1;-1;-1;-1;-1;0;0;0;-1
0;0;-213.143;-108.391;-0.396034;8.5;-1;-1;-1;-1;-1;-1;0;1;151.244;-1
0;0;-215.969;-78.7985;0.809223;9.68204;-1;-1;-1;-1;-1;-1;0;0;0;-1
0;0;-214.807;-58.5007;-0.378354;8.5;-1;-1;-1;-1;-1;-1;0;1;9.32477;-1
0;0;-215.003;-37.7884;0.497291;9.92517;-1;-1;-1;-1;-1;-1;0;0;0;-1
0;0;-211.759;-13.42;0.169237;9.92582;-1;-1;-1;-1;-1;-1;0;0;0;-1
0;0;-216.778;10.3149;0.0242913;9.82942;-1;-1;-1;-1;-1;-1;0;0;0;-1
0;0;-216.138;34.2959;-0.502394;8.67978;-1;-1;-1;-1;-1;-1;0;0;0;-1
0;0;-212.98;61.4096;-0.0828576;10.4541;-1;-1;-1;-1;-1;-1;0;0;0;-1
0;0;-211.521;83.4897;0.496301;8.66059;-1;-1;-1;-1;-1;-1;0;0;0;-1
0;0;-212.031;105.892;0.178963;8.5;-1;-1;-1;-1;-1;-1;0;1;129.034;-1
0;0;-213.073;130.141;0.328357;9.86809;-1;-1;-1;-1;-1;-1;0;0;0;-1
0;0;-214.748;157.535;0.815431;8.92595;-1;-1;-1;-1;-1;-1;0;0;0;-1
0;0;-212.057;176.652;-0.129203;9.08738;-1;-1;-1;-1;-1;-1;0;0;0;-1
0;0;-216.431;203.545;0.262688;9.24189;-1;-1;-1;-1;-1;-1;0;0;0;-1
0;0;-216.749;227.791;-0.515336;9.97234;-1;-1;-1;-1;-1;-1;0;0;0;-1
0;0;-214.059;253.627;0.0958501;9.10334;-1;-1;-1;-1;-1;-1;0;0;0;-1
0;0;-211.657;277.441;0.595083;9.97574;-1;-1;-1;-1;-1;-1;0;0;0;-1
0;0;-215.657;296.79;0.677007;9.47873;-1;-1;-1;-1;-1;-1;0;0;0;-1
0;0;-215.662;325.344;0.932716;8.56451;-1;-1;-1;-1;-1;-1;0;0;0;-1
0;0;-191.039;-325.221;-0.901351;8.5;-1;-1;-1;-1;-1;-1;0;1;117.214;-1
0;0;-191.258;-306.848;-0.786298;9.69612;-1;-1;-1;-1;-1;-1;0;0;0;-1
0;0;-194.216;-281.247;0.285078;8.99182;-1;-1;-1;-1;-1;-1;0;0;0;-1
0;0;-193.18;-258.456;-0.957916;9.2279;-1;-1;-1;-1;-1;-1;0;0;0;-1
0;0;-192.582;-234.126;0.326564;9.09451;-1;-1;-1;-1;-1;-1;0;0;0;-1
0;0;-192.841;-208.981;0.49458;9.27678;-1;-1;-1;-1;-1;-1;0;0;0;-1
0;0;-194.526;-186.919;0.509787;8.5;-1;-1;-1;-1;-1;-1;0;1;17.8866;-1
0;0;-193.677;-162.063;0.32105;9.1482;-1;-1;-1;-1;-1;-1;0;0;0;-1
0;0;-191.491;-138.002;0.216361;9.20899;-1;-1;-1;-1;-1;-1;0;0;0;-1
0;0;-196.589;-113.868;-0.511173;9.6437;-1;-1;-1;-1;-1;-1;0;0;0;-1
0;0;-191.945;-87.6205;0.889683;8.60476;-1;-1;-1;-1;-1;-1;0;0;0;-1
0;0;-196.86;-66.1675;-0.899615;10.187;-1;-1;-1;-1;-1;-1;0;0;0;-1
0;0;-193.662;-40.3086;-0.337863;8.84827;-1;-1;-1;-1;-1;-1;0;0;0;-1
0;0;-196.604;-18.1032;0.17772;9.43222;-1;-1;-1;-1;-1;-1;0;0;0;-1
0;0;-194.246;2.61557;0.294845;8.69601;-1;-1;-1;-1;-1;-1;0;0;0;-1
0;0;-191.377;27.0536;-0.214438;8.52805;-1;-1;-1;-1;-1;-1;0;0;0;-1
0;0;-191.431;51.079;-0.730592;8.5;-1;-1;-1;-1;-1;-1;0;1;54.7546;-1
0;0;-196.693;79.3253;0.0847789;8.5079;-1;-1;-1;-1;-1;-1;0;0;0;-1
0;0;-193.894;98.7718;0.572242;10.1881;-1;-1;-1;-1;-1;-1;0;0;0;-1
0;0;-192.694;121.432;-0.770542;9.38701;-1;-1;-1;-1;-1;-1;0;0;0;-1
0;0;-195.522;145.612;0.825677;10.0481;-1;-1;-1;-1;-1;-1;0;0;0;-1
0;0;-193.006;172.709;-0.400107;8.87367;-1;-1;-1;-1;-1;-1;0;0;0;-1
0;0;-191.495;193.973;0.659217;9.33177;-1;-1;-1;-1;-1;-1;0;0;0;-1
0;0;-194.129;217.371;0.0887741;10.2811;-1;-1;-1;-1;-1;-1;0;0;0;-1
0;0;-195.441;239.413;0.680407;8.5;-1;-1;-1;-1;-1;-1;0;1;47.8633;-1
0;0;-196.025;264.245;-0.857734;8.5;-1;-1;-1;-1;-1;-1;0;1;146.771;-1
0;0;-196.365;291.385;0.618589;8.81327;-1;-1;-1;-1;-1;-1;0;0;0;-1
0;0;-193.064;314.022;-0.976343;9.14166;-1;-1;-1;-1;-1;-1;0;0;0;-1
0;0;-195.092;341.367;0.827659;8.5;-1;-1;-1;-1;-1;-1;0;1;58.498;-1
0;0;-176.183;-340.674;0.653371;9.65656;-1;-1;-1;-1;-1;-1;0;0;0;-1
0;0;-175.431;-317.26;0.732228;9.70602;-1;-1;-1;-1;-1;-1;0;0;0;-1
0;0;-173.002;-292.866;0.21812;10.3569;-1;-1;-1;-1;-1;-1;0;0;0;-1
0;0;-175.352;-274.596;-0.700738;9.94259;-1;-1;-1;-1;-1;-1;0;0;0;-1
0;0;-172.96;-250.241;0.489588;8.89968;-1;-1;-1;-1;-1;-1;0;0;0;-1
0;0;-171.515;-228.126;-0.62213;10.3738;-1;-1;-1;-1;-1;-1;0;0;0;-1
0;0;-172.046;-200.322;0.31477;10.395;-1;-1;-1;-1;-1;-1;0;0;0;-1
0;0;-170.947;-175.508;-0.28093;9.74129;-1;-1;-1;-1;-1;-1;0;0;0;-1
0;0;-171.566;-154.583;0.423533;10.0072;-1;-1;-1;-1;-1;-1;0;0;0;-1
0;0;-170.831;-127.974;0.0412117;8.5;-1;-1;-1;-1;-1;-1;0;1;148.601;-1
0;0;-174.179;-103.959;0.451336;10.1608;-1;-1;-1;-1;-1;-1;0;0;0;-1
0;0;-172.419;-83.6042;-0.439374;9.71062;-1;-1;-1;-1;-1;-1;0;0;0;-1
0;0;-175.084;-61.6791;0.929985;9.51908;-1;-1;-1;-1;-1;-1;0;0;0;-1
0;0;-175.129;-33.3467;-0.793549;9.01318;-1;-1;-1;-1;-1;-1;0;0;0;-1
0;0;-170.82;-7.5302;0.120584;8.78962;-1;-1;-1;-1;-1;-1;0;0;0;-1
0;0;-172.421;15.2426;0.761818;9.7476;-1;-1;-1;-1;-1;-1;0;0;0;-1
0;0;-170.453;33.7777;-0.830952;10.3455;-1;-1;-1;-1;-1;-1;0;0;0;-1
0;0;-170.687;59.6885;0.132026;8.85803;-1;-1;-1;-1;-1;-1;0;0;0;-1
0;0;-171.131;82.2344;0.934273;9.05068;-1;-1;-1;-1;-1;-1;0;0;0;-1
0;0;-170.86;110.939;-0.304897;8.5;-1;-1;-1;-1;-1;-1;0;1;152.409;-1
0;0;-172.613;129.458;0.190414;8.89543;-1;-1;-1;-1;-1;-1;0;0;0;-1
0;0;-170.844;154.738;-0.481633;8.5;-1;-1;-1;-1;-1;-1;0;1;85.6219;-1
0;0;-174.863;180.312;0.842001;8.65956;-1;-1;-1;-1;-1;-1;0;0;0;-1
0;0;-170.431;205.218;0.345385;9.74607;-1;-1;-1;-1;-1;-1;0;0;0;-1
0;0;-171.367;225.987;-0.079048;8.50661;-1;-1;-1;-1;-1;-1;0;0;0;-1
0;0;-170.908;248.079;0.975351;10.064;-1;-1;-1;-1;-1;-1;0;0;0;-1
0;0;-175.113;277.299;0.25343;8.5;-1;-1;-1;-1;-1;-1;0;1;28.7127;-1
0;0;-173.837;300.99;-0.851624;9.93105;-1;-1;-1;-1;-1;-1;0;0;0;-1
0;0;-173.072;321.393;0.591774;9.22243;-1;-1;-1;-1;-1;-1;0;0;0;-1
0;0;-172.539;344.385;-0.98999;9.8912;-1;-1;-1;-1;-1;-1;0;0;0;-1
0;0;-154.223;-355.052;0.939572;9.65213;-1;-1;-1;-1;-1;-1;0;0;0;-1
0;0;-152.849;-326.294;-0.0499435;9.73077;-1;-1;-1;-1;-1;-1;0;0;0;-1
0;0;-153.906;-305.153;-0.963849;9.50758;-1;-1;-1;-1;-1;-1;0;0;0;-1
0;0;-155.62;-281.867;-0.315186;9.56373;-1;-1;-1;-1;-1;-1;0;0;0;-1
0;0;-150.954;-260.299;-0.595223;9.60157;-1;-1;-1;-1;-1;-1;0;0;0;-1
0;0;-151.934;-231.417;0.277033;10.2563;-1;-1;-1;-1;-1;-1;0;0;0;-1
0;0;-153.129;-210.089;-0.777555;10.0708;-1;-1;-1;-1;-1;-1;0;0;0;-1
0;0;-151.22;-184.821;-0.695434;9.33093;-1;-1;-1;-1;-1;-1;0;0;0;-1
0;0;-151.165;-162.422;0.138015;8.94365;-1;-1;-1;-1;-1;-1;0;0;0;-1
0;0;-151.837;-135.839;0.166944;9.73928;-1;-1;-1;-1;-1;-1;0;0;0;-1
0;0;-152.77;-111.714;-0.187003;10.0446;-1;-1;-1;-1;-1;-1;0;0;0;-1
0;0;-155.524;-93.1216;0.623568;8.65178;-1;-1;-1;-1;-1;-1;0;0;0;-1
0;0;-150.738;-64.0906;0.157684;9.33775;-1;-1;-1;-1;-1;-1;0;0;0;-1
0;0;-152.046;-40.1146;-0.149453;9.56915;-1;-1;-1;-1;-1;-1;0;0;0;-1
0;0;-152.404;-17.7065;0.825844;8.5;-1;-1;-1;-1;-1;-1;0;1;58.2116;-1
0;0;-155.679;6.51698;-0.921799;8.5;-1;-1;-1;-1;-1;-1;0;1;36.4076;-1
0;0;-154.94;29.6488;-0.104055;10.0807;-1;-1;-1;-1;-1;-1;0;0;0;-1
0;0;-155.186;52.6648;-0.794766;8.76399;-1;-1;-1;-1;-1;-1;0;0;0;-1
0;0;-151.587;75.4394;-0.422145;10.1855;-1;-1;-1;-1;-1;-1;0;0;0;-1
0;0;-152.317;99.3906;-0.399305;10.3161;-1;-1;-1;-1;-1;-1;0;0;0;-1
0;0;-151.351;121.986;-0.788924;8.5;-1;-1;-1;-1;-1;-1;0;1;55.6768;-1
0;0;-150.46;150.119;-0.630214;9.04365;-1;-1;-1;-1;-1;-1;0;0;0;-1
0;0;-150.797;169.031;0.723912;8.5;-1;-1;-1;-1;-1;-1;0;1;106.567;-1
0;0;-151.929;193.495;-0.722062;8.92614;-1;-1;-1;-1;-1;-1;0;0;0;-1
0;0;-150.496;217.73;0.62003;10.2341;-1;-1;-1;-1;-1;-1;0;0;0;-1
0;0;-150.993;246.167;-0.992567;9.99779;-1;-1;-1;-1;-1;-1;0;0;0;-1
0;0;-153.473;263.038;-0.683807;8.5;-1;-1;-1;-1;-1;-1;0;1;66.6671;-1
0;0;-153.977;291.699;0.118522;8.5;-1;-1;-1;-1;-1;-1;0;1;106.434;-1
0;0;-152.26;312.681;0.544649;8.5;-1;-1;-1;-1;-1;-1;0;1;20.0229;-1
0;0;-154.574;335.742;0.842687;10.2937;-1;-1;-1;-1;-1;-1;0;0;0;-1
0;0;-153.386;360.189;0.48443;8.66418;-1;-1;-1;-1;-1;-1;0;0;0;-1
0;0;-132.139;-368.603;0.308843;8.5;-1;-1;-1;-1;-1;-1;0;1;74.5955;-1
0;0;-129.26;-346.956;0.180713;10.0962;-1;-1;-1;-1;-1;-1;0;0;0;-1
0;0;-130.519;-319.711;-0.663614;9.84331;-1;-1;-1;-1;-1;-1;0;0;0;-1
0;0;-129.913;-298.064;-0.083501;8.78933;-1;-1;-1;-1;-1;-1;0;0;0;-1
0;0;-134.274;-270.22;0.786504;8.62822;-1;-1;-1;-1;-1;-1;0;0;0;-1
0;0;-130.72;-248.499;-0.269203;8.8425;-1;-1;-1;-1;-1;-1;0;0;0;-1
0;0;-133.586;-227.184;0.169634;8.5;-1;-1;-1;-1;-1;-1;0;1;150.291;-1
0;0;-130.512;-200.062;-0.765258;9.53203;-1;-1;-1;-1;-1;-1;0;0;0;-1
0;0;-133.742;-180.138;-0.746655;10.1339;-1;-1;-1;-1;-1;-1;0;0;0;-1
0;0;-133.378;-153.046;0.591037;8.5;-1;-1;-1;-1;-1;-1;0;1;138.941;-1
0;0;-130.191;-128.322;-0.427562;9.71366;-1;-1;-1;-1;-1;-1;0;0;0;-1
0;0;-134.554;-104.673;-0.347976;9.45742;-1;-1;-1;-1;-1;-1;0;0;0;-1
0;0;-132.977;-80.1259;-0.871171;8.81867;-1;-1;-1;-1;-1;-1;0;0;0;-1
0;0;-130.64;-60.6479;0.966864;8.5;-1;-1;-1;-1;-1;-1;0;1;2.27816;-1
0;0;-129.598;-35.5978;0.12323;8.5;-1;-1;-1;-1;-1;-1;0;1;53.823;-1
0;0;-131.625;-13.1948;0.601777;9.07106;-1;-1;-1;-1;-1;-1;0;0;0;-1
0;0;-129.889;10.2939;-0.475399;9.33684;-1;-1;-1;-1;-1;-1;0;0;0;-1
0;0;-132.363;39.0426;0.176206;9.97039;-1;-1;-1;-1;-1;-1;0;0;0;-1
0;0;-131.773;60.4657;-0.15982;9.79944;-1;-1;-1;-1;-1;-1;0;0;0;-1
0;0;-130.696;83.8195;-0.922219;8.59418;-1;-1;-1;-1;-1;-1;0;0;0;-1
0;0;-128.997;110.915;-0.625673;9.67731;-1;-1;-1;-1;-1;-1;0;0;0;-1
0;0;-133.129;130.13;-0.124083;8.5;-1;-1;-1;-1;-1;-1;0;1;27.041;-1
0;0;-134.847;154.362;0.486752;9.33207;-1;-1;-1;-1;-1;-1;0;0;0;-1
0;0;-130.366;176.363;0.783411;9.7782;-1;-1;-1;-1;-1;-1;0;0;0;-1
0;0;-132.399;204.025;0.684293;9.12189;-1;-1;-1;-1;-1;-1;0;0;0;-1
0;0;-134.689;228.838;-0.81975;8.89607;-1;-1;-1;-1;-1;-1;0;0;0;-1
0;0;-131.408;254.652;0.765468;8.74473;-1;-1;-1;-1;-1;-1;0;0;0;-1
0;0;-133.118;274.045;0.0602828;10.2544;-1;-1;-1;-1;-1;-1;0;0;0;-1
0;0;-129.563;298.122;-0.836436;9.63004;-1;-1;-1;-1;-1;-1;0;0;0;-1
0;0;-132.384;320.877;-0.22015;9.01188;-1;-1;-1;-1;-1;-1;0;0;0;-1
0;0;-134.483;344.596;0.73234;10.208;-1;-1;-1;-1;-1;-1;0;0;0;-1
0;0;-133.214;370.404;0.25293;9.309;-1;-1;-1;-1;-1;-1;0;0;0;-1
0;0;-110.013;-375.407;0.615706;8.5;-1;-1;-1;-1;-1;-1;0;1;136.376;-1
0;0;-112.685;-354.837;0.691912;10.0838;-1;-1;-1;-1;-1;-1;0;0;0;-1
0;0;-113.045;-327.532;0.0316003;10.3449;-1;-1;-1;-1;-1;-1;0;0;0;-1
0;0;-111.19;-303.907;0.109616;9.83097;-1;-1;-1;-1;-1;-1;0;0;0;-1
0;0;-113.74;-281.152;0.42559;8.5;-1;-1;-1;-1;-1;-1;0;1;136.651;-1
0;0;-110.308;-260.577;0.367766;9.07523;-1;-1;-1;-1;-1;-1;0;0;0;-1
0;0;-108.451;-234.07;-0.484011;9.98643;-1;-1;-1;-1;-1;-1;0;0;0;-1
0;0;-112.282;-207.874;0.122303;8.91507;-1;-1;-1;-1;-1;-1;0;0;0;-1
0;0;-113.61;-186.257;0.201379;10.2535;-1;-1;-1;-1;-1;-1;0;0;0;-1
0;0;-110.574;-160.437;0.182819;9.22826;-1;-1;-1;-1;-1;-1;0;0;0;-1
0;0;-109.605;-139.988;-0.738404;9.868;-1;-1;-1;-1;-1;-1;0;0;0;-1
0;0;-111.198;-116.203;0.874319;8.52095;-1;-1;-1;-1;-1;-1;0;0;0;-1
0;0;-113.791;-90.1379;0.446977;9.66293;-1;-1;-1;-1;-1;-1;0;0;0;-1
0;0;-112.211;-68.6206;-0.112444;10.1638;-1;-1;-1;-1;-1;-1;0;0;0;-1
0;0;-112.88;-43.1194;-0.178021;9.99614;-1;-1;-1;-1;-1;-1;0;0;0;-1
0;0;-111.125;-16.6044;-0.351312;10.2728;-1;-1;-1;-1;-1;-1;0;0;0;-1
0;0;-113.625;4.78476;-0.0353158;9.05999;-1;-1;-1;-1;-1;-1;0;0;0;-1
0;0;-110.013;30.3004;0.849539;8.81104;-1;-1;-1;-1;-1;-1;0;0;0;-1
0;0;-109.935;53.9047;0.382998;8.5;-1;-1;-1;-1;-1;-1;0;1;61.7011;-1
0;0;-112.015;77.5756;0.0753966;8.51336;-1;-1;-1;-1;-1;-1;0;0;0;-1
0;0;-108.948;98.8916;-0.0460386;8.89861;-1;-1;-1;-1;-1;-1;0;0;0;-1
0;0;-110.545;126.249;0.355913;8.5;-1;-1;-1;-1;-1;-1;0;1;47.4907;-1
0;0;-111.339;144.105;-0.638786;9.67754;-1;-1;-1;-1;-1;-1;0;0;0;-1
0;0;-111.187;170.457;-0.540055;9.18852;-1;-1;-1;-1;-1;-1;0;0;0;-1
0;0;-113.384;196.579;-0.131858;8.89578;-1;-1;-1;-1;-1;-1;0;0;0;-1
0;0;-114.474;220.55;-0.84028;8.5;-1;-1;-1;-1;-1;-1;0;1;64.1632;-1
0;0;-112.17;246.118;-0.250575;8.69921;-1;-1;-1;-1;-1;-1;0;0;0;-1
0;0;-113.475;269.936;0.194931;8.5;-1;-1;-1;-1;-1;-1;0;1;94.8888;-1
0;0;-109.773;291.383;-0.396855;9.13434;-1;-1;-1;-1;-1;-1;0;0;0;-1
0;0;-112.454;311.914;-0.967083;9.45033;-1;-1;-1;-1;-1;-1;0;0;0;-1
0;0;-111.416;338.282;0.838316;8.5;-1;-1;-1;-1;-1;-1;0;1;129.896;-1
0;0;-111.417;358.968;-0.932077;9.00885;-1;-1;-1;-1;-1;-1;0;0;0;-1
0;0;-92.1221;-368.393;-0.973294;9.28764;-1;-1;-1;-1;-1;-1;0;0;0;-1
0;0;-91.3337;-345.664;0.5897;8.5;-1;-1;-1;-1;-1;-1;0;1;11.4915;-1
0;0;-93.1378;-320.8;-0.683522;8.78791;-1;-1;-1;-1;-1;-1;0;0;0;-1
0;0;-93.765;-297.423;0.256457;8.5;-1;-1;-1;-1;-1;-1;0;1;105.615;-1
0;0;-87.913;-270.079;0.301009;9.39738;-1;-1;-1;-1;-1;-1;0;0;0;-1
0;0;-89.155;-247.377;0.454892;8.5;-1;-1;-1;-1;-1;-1;0;1;21.6989;-1
0;0;-90.1079;-224.38;0.00669594;9.94253;-1;-1;-1;-1;-1;-1;0;0;0;-1
0;0;-88.6745;-201.753;-0.885752;8.5;-1;-1;-1;-1;-1;-1;0;1;121.183;-1
0;0;-92.125;-179.342;0.21304;8.97367;-1;-1;-1;-1;-1;-1;0;0;0;-1
0;0;-87.8614;-155.484;0.813941;9.02786;-1;-1;-1;-1;-1;-1;0;0;0;-1
0;0;-88.0115;-133.051;0.57236;9.13017;-1;-1;-1;-1;-1;-1;0;0;0;-1
0;0;-88.7693;-102.476;0.780446;10.2307;-1;-1;-1;-1;-1;-1;0;0;0;-1
0;0;-88.0463;-78.5738;-0.366569;9.41988;-1;-1;-1;-1;-1;-1;0;0;0;-1
0;0;-90.0822;-54.9244;0.889203;8.5;-1;-1;-1;-1;-1;-1;0;1;91.1019;-1
0;0;-89.6731;-37.3067;0.165489;9.50769;-1;-1;-1;-1;-1;-1;0;0;0;-1
0;0;-91.0155;-9.96315;-0.985246;8.80788;-1;-1;-1;-1;-1;-1;0;0;0;-1
0;0;-90.1859;14.2994;-0.506239;8.64522;-1;-1;-1;-1;-1;-1;0;0;0;-1
0;0;-92.7328;34.0772;-0.466149;8.5;-1;-1;-1;-1;-1;-1;0;1;74.9725;-1
0;0;-91.6493;58.9988;-0.118201;10.1948;-1;-1;-1;-1;-1;-1;0;0;0;-1
0;0;-90.7222;87.8173;0.740028;8.5;-1;-1;-1;-1;-1;-1;0;1;86.0566;-1
0;0;-89.1863;106.347;0.504304;9.19316;-1;-1;-1;-1;-1;-1;0;0;0;-1
0;0;-92.5969;131.8;-0.604348;8.51851;-1;-1;-1;-1;-1;-1;0;0;0;-1
0;0;-90.6989;154.675;-0.00244516;8.80024;-1;-1;-1;-1;-1;-1;0;0;0;-1
0;0;-92.1732;180.839;-0.662358;8.5;-1;-1;-1;-1;-1;-1;0;1;97.1103;-1
0;0;-90.9555;201.301;-0.78563;8.6613;-1;-1;-1;-1;-1;-1;0;0;0;-1
0;0;-91.8477;229.385;0.621917;9.99099;-1;-1;-1;-1;-1;-1;0;0;0;-1
0;0;-88.086;253.6;-0.207773;8.58287;-1;-1;-1;-1;-1;-1;0;0;0;-1
0;0;-91.0895;276.364;-0.438542;9.46685;-1;-1;-1;-1;-1;-1;0;0;0;-1
0;0;-91.8023;297.07;0.304935;9.67592;-1;-1;-1;-1;-1;-1;0;0;0;-1
0;0;-91.3794;325.924;-0.0403168;10.0218;-1;-1;-1;-1;-1;-1;0;0;0;-1
0;0;-90.8414;343.675;0.761815;8.5;-1;-1;-1;-1;-1;-1;0;1;155.524;-1
0;0;-87.7435;371.677;0.645761;10.1594;-1;-1;-1;-1;-1;-1;0;0;0;-1
0;0;-68.6261;-374.642;0.839766;10.27;-1;-1;-1;-1;-1;-1;0;0;0;-1
0;0;-72.4893;-353.386;0.640511;8.5;-1;-1;-1;-1;-1;-1;0;1;143.962;-1
0;0;-72.9502;-327.401;-0.347785;8.5;-1;-1;-1;-1;-1;-1;0;1;152.387;-1
0;0;-71.1416;-303.735;-0.843811;9.31266;-1;-1;-1;-1;-1;-1;0;0;0;-1
0;0;-67.9802;-277.736;0.204127;9.49202;-1;-1;-1;-1;-1;-1;0;0;0;-1
0;0;-71.553;-259.135;-0.696333;8.5;-1;-1;-1;-1;-1;-1;0;1;112.897;-1
0;0;-69.5883;-233.006;0.481157;9.40537;-1;-1;-1;-1;-1;-1;0;0;0;-1
0;0;-68.1941;-209.198;0.866894;8.51136;-1;-1;-1;-1;-1;-1;0;0;0;-1
0;0;-69.199;-185.721;0.220561;8.85153;-1;-1;-1;-1;-1;-1;0;0;0;-1
0;0;-71.2038;-161.796;0.128665;9.26824;-1;-1;-1;-1;-1;-1;0;0;0;-1
0;0;-72.8541;-138.954;0.102885;10.2542;-1;-1;-1;-1;-1;-1;0;0;0;-1
0;0;-71.5511;-114.528;-0.995163;8.75699;-1;-1;-1;-1;-1;-1;0;0;0;-1
0;0;-69.7987;-88.6251;0.343388;9.04743;-1;-1;-1;-1;-1;-1;0;0;0;-1
0;0;-68.5447;-63.3285;0.879972;10.3873;-1;-1;-1;-1;-1;-1;0;0;0;-1
0;0;-69.4671;-39.57;-0.422099;9.72581;-1;-1;-1;-1;-1;-1;0;0;0;-1
0;0;-69.0595;-15.8317;0.23602;9.64138;-1;-1;-1;-1;-1;-1;0;0;0;-1
0;0;-69.9408;2.75038;-0.0383294;9.8379;-1;-1;-1;-1;-1;-1;0;0;0;-1
0;0;-71.4881;31.924;0.592257;8.69631;-1;-1;-1;-1;-1;-1;0;0;0;-1
0;0;-72.0316;50.7133;0.609232;9.31688;-1;-1;-1;-1;-1;-1;0;0;0;-1
0;0;-68.3923;72.7189;-0.504951;9.24362;-1;-1;-1;-1;-1;-1;0;0;0;-1
0;0;-73.1884;96.4798;0.9813;9.36079;-1;-1;-1;-1;-1;-1;0;0;0;-1
0;0;-71.7022;120.169;0.599245;9.175;-1;-1;-1;-1;-1;-1;0;0;0;-1
0;0;-69.7547;148.37;-0.957233;8.83362;-1;-1;-1;-1;-1;-1;0;0;0;-1
0;0;-71.3018;168.179;0.170828;9.73474;-1;-1;-1;-1;-1;-1;0;0;0;-1
0;0;-68.989;192.089;-0.413334;8.5;-1;-1;-1;-1;-1;-1;0;1;118.336;-1
0;0;-67.1848;215.365;-0.39907;8.5;-1;-1;-1;-1;-1;-1;0;1;134.458;-1
0;0;-67.5091;240.651;0.174278;8.5;-1;-1;-1;-1;-1;-1;0;1;64.5828;-1
0;0;-71.4421;266.806;0.178055;9.50911;-1;-1;-1;-1;-1;-1;0;0;0;-1
0;0;-73.2594;293.203;0.0783746;10.4491;-1;-1;-1;-1;-1;-1;0;0;0;-1
0;0;-69.9969;316.176;0.415466;8.5;-1;-1;-1;-1;-1;-1;0;1;117.999;-1
0;0;-69.8273;338.914;-0.725331;8.5;-1;-1;-1;-1;-1;-1;0;1;39.8151;-1
0;0;-70.7856;358.753;-0.104422;9.73175;-1;-1;-1;-1;-1;-1;0;0;0;-1
0;0;-72.2997;385.729;-0.125524;9.55951;-1;-1;-1;-1;-1;-1;0;0;0;-1
0;0;-48.6386;-391.696;-0.894349;8.98931;-1;-1;-1;-1;-1;-1;0;0;0;-1
0;0;-52.1732;-369.774;0.442992;9.92968;-1;-1;-1;-1;-1;-1;0;0;0;-1
0;0;-47.7671;-344.899;-0.671185;9.35951;-1;-1;-1;-1;-1;-1;0;0;0;-1
0;0;-49.005;-321.282;0.232595;8.5;-1;-1;-1;-1;-1;-1;0;1;144.137;-1
0;0;-48.1214;-296.051;-0.164708;8.50984;-1;-1;-1;-1;-1;-1;0;0;0;-1
0;0;-51.8652;-273.095;0.181002;10.2481;-1;-1;-1;-1;-1;-1;0;0;0;-1
0;0;-49.7227;-248.098;0.807962;10.1615;-1;-1;-1;-1;-1;-1;0;0;0;-1
0;0;-50.8877;-227.746;-0.934411;9.50204;-1;-1;-1;-1;-1;-1;0;0;0;-1
0;0;-47.9984;-199.08;0.259777;10.3115;-1;-1;-1;-1;-1;-1;0;0;0;-1
0;0;-50.5782;-177.729;0.85052;8.86429;-1;-1;-1;-1;-1;-1;0;0;0;-1
0;0;-47.2885;-155.162;0.920252;10.1117;-1;-1;-1;-1;-1;-1;0;0;0;-1
0;0;-50.9353;-128.131;-0.956663;8.5;-1;-1;-1;-1;-1;-1;0;1;111.703;-1
0;0;-49.6503;-106.832;0.740157;9.41442;-1;-1;-1;-1;-1;-1;0;0;0;-1
0;0;-47.6839;-81.0496;0.685979;8.85323;-1;-1;-1;-1;-1;-1;0;0;0;-1
0;0;-48.2281;-59.9716;0.694421;9.26573;-1;-1;-1;-1;-1;-1;0;0;0;-1
0;0;-50.0871;-36.7858;0.917228;9.98505;-1;-1;-1;-1;-1;-1;0;0;0;-1
0;0;-47.4754;-11.5029;-0.620583;9.05785;-1;-1;-1;-1;-1;-1;0;0;0;-1
0;0;-49.0059;15.3113;-0.876774;8.5;-1;-1;-1;-1;-1;-1;0;1;112.034;-1
0;0;-51.4695;36.1155;0.6818;9.35768;-1;-1;-1;-1;-1;-1;0;0;0;-1
0;0;-51.9086;61.715;0.783957;10.2793;-1;-1;-1;-1;-1;-1;0;0;0;-1
0;0;-51.1065;81.3529;-0.432816;10.0073;-1;-1;-1;-1;-1;-1;0;0;0;-1
0;0;-46.8011;108.511;0.462888;9.45681;-1;-1;-1;-1;-1;-1;0;0;0;-1
0;0;-49.4659;133.054;0.484701;8.5;-1;-1;-1;-1;-1;-1;0;1;11.8333;-1
0;0;-50.8245;157.085;0.65902;9.24838;-1;-1;-1;-1;-1;-1;0;0;0;-1
0;0;-46.562;181.608;-0.385103;10.4269;-1;-1;-1;-1;-1;-1;0;0;0;-1
0;0;-47.2402;205.845;0.835691;8.9585;-1;-1;-1;-1;-1;-1;0;0;0;-1
0;0;-50.9699;226.603;0.568803;9.63619;-1;-1;-1;-1;-1;-1;0;0;0;-1
0;0;-52.1195;248.669;0.0909917;9.91042;-1;-1;-1;-1;-1;-1;0;0;0;-1
0;0;-52.3162;272.416;-0.116354;9.39382;-1;-1;-1;-1;-1;-1;0;0;0;-1
0;0;-49.5462;300.797;-0.507354;9.69711;-1;-1;-1;-1;-1;-1;0;0;0;-1
0;0;-49.5992;324.566;-0.101321;8.73736;-1;-1;-1;-1;-1;-1;0;0;0;-1
0;0;-51.7153;345.927;-0.687665;9.11784;-1;-1;-1;-1;-1;-1;0;0;0;-1
0;0;-51.5652;370.701;0.370466;8.5;-1;-1;-1;-1;-1;-1;0;1;107.339;-1
0;0;-28.7259;-398.486;-0.297505;8.5;-1;-1;-1;-1;-1;-1;0;1;148.886;-1
0;0;-28.245;-374.314;-0.0783569;10.0091;-1;-1;-1;-1;-1;-1;0;0;0;-1
0;0;-28.9936;-355.319;0.704507;9.07361;-1;-1;-1;-1;-1;-1;0;0;0;-1
0;0;-30.5847;-331.494;0.526927;9.61496;-1;-1;-1;-1;-1;-1;0;0;0;-1
0;0;-27.5023;-306.962;-0.967736;8.70906;-1;-1;-1;-1;-1;-1;0;0;0;-1
0;0;-31.6055;-279.644;-0.234579;9.16255;-1;-1;-1;-1;-1;-1;0;0;0;-1
0;0;-29.4541;-255.271;-0.857786;8.55098;-1;-1;-1;-1;-1;-1;0;0;0;-1
0;0;-29.8406;-233.14;-0.0696433;10.3066;-1;-1;-1;-1;-1;-1;0;0;0;-1
0;0;-31.6822;-212.827;-0.44458;9.70121;-1;-1;-1;-1;-1;-1;0;0;0;-1
0;0;-27.2955;-182.391;0.588754;8.55611;-1;-1;-1;-1;-1;-1;0;0;0;-1
0;0;-29.4618;-164.486;0.676455;10.0119;-1;-1;-1;-1;-1;-1;0;0;0;-1
0;0;-27.4506;-136.012;0.344936;10.1983;-1;-1;-1;-1;-1;-1;0;0;0;-1
0;0;-29.8762;-113.963;0.218115;8.92759;-1;-1;-1;-1;-1;-1;0;0;0;-1
0;0;-26.8419;-93.4809;0.755406;8.52411;-1;-1;-1;-1;-1;-1;0;0;0;-1
0;0;-27.0577;-63.5339;0.742189;8.55687;-1;-1;-1;-1;-1;-1;0;0;0;-1
0;0;-25.9138;-39.9853;-0.808134;9.09571;-1;-1;-1;-1;-1;-1;0;0;0;-1
0;0;-31.1304;-19.9919;0.383029;10.1411;-1;-1;-1;-1;-1;-1;0;0;0;-1
0;0;-27.6719;1.61511;-0.280062;9.53976;-1;-1;-1;-1;-1;-1;0;0;0;-1
0;0;-27.6295;29.908;0.661096;8.7632;-1;-1;-1;-1;-1;-1;0;0;0;-1
0;0;-27.6927;54.3835;0.225124;8.77388;-1;-1;-1;-1;-1;-1;0;0;0;-1
0;0;-26.426;76.5702;0.322439;9.45711;-1;-1;-1;-1;-1;-1;0;0;0;-1
0;0;-29.9362;101.187;0.854569;8.58511;-1;-1;-1;-1;-1;-1;0;0;0;-1
0;0;-26.5482;126.65;0.414599;9.05621;-1;-1;-1;-1;-1;-1;0;0;0;-1
0;0;-26.0782;149.874;0.73865;9.61049;-1;-1;-1;-1;-1;-1;0;0;0;-1
0;0;-27.1468;171.286;-0.598568;10.0901;-1;-1;-1;-1;-1;-1;0;0;0;-1
0;0;-26.6821;195.752;-0.18967;10.0322;-1;-1;-1;-1;-1;-1;0;0;0;-1
0;0;-26.0007;220.793;0.86522;10.3913;-1;-1;-1;-1;-1;-1;0;0;0;-1
0;0;-31.3497;239.094;-0.421858;9.28632;-1;-1;-1;-1;-1;-1;0;0;0;-1
0;0;-26.471;268.717;0.993293;8.5;-1;-1;-1;-1;-1;-1;0;1;132.725;-1
0;0;-27.4415;292.238;-0.0827325;9.3645;-1;-1;-1;-1;-1;-1;0;0;0;-1
0;0;-26.0876;317.36;-0.349763;8.5;-1;-1;-1;-1;-1;-1;0;1;143.889;-1
0;0;-26.0345;340.624;-0.144074;8.88035;-1;-1;-1;-1;-1;-1;0;0;0;-1
0;0;-26.8281;361.014;0.920734;10.2783;-1;-1;-1;-1;-1;-1;0;0;0;-1
0;0;-26.8914;382.021;0.989735;10.2664;-1;-1;-1;-1;-1;-1;0;0;0;-1
0;0;-5.41075;-392.607;-0.42373;10.4111;-1;-1;-1;-1;-1;-1;0;0;0;-1
0;0;-6.73643;-368.817;0.852115;8.53485;-1;-1;-1;-1;-1;-1;0;0;0;-1
0;0;-10.8557;-345.797;0.79402;9.82697;-1;-1;-1;-1;-1;-1;0;0;0;-1
0;0;-5.76461;-317.86;-0.239054;8.5;-1;-1;-1;-1;-1;-1;0;1;52.4744;-1
0;0;-6.59563;-295.918;0.63981;10.0907;-1;-1;-1;-1;-1;-1;0;0;0;-1
0;0;-10.0017;-269.408;-0.871215;10.2444;-1;-1;-1;-1;-1;-1;0;0;0;-1
0;0;-8.3947;-251.091;-0.173524;10.0817;-1;-1;-1;-1;-1;-1;0;0;0;-1
0;0;-7.79416;-221.513;0.342309;9.49522;-1;-1;-1;-1;-1;-1;0;0;0;-1
0;0;-5.97775;-199.181;-0.604389;8.5;-1;-1;-1;-1;-1;-1;0;1;145.003;-1
0;0;-5.41469;-180.248;0.0576732;9.91414;-1;-1;-1;-1;-1;-1;0;0;0;-1
0;0;-6.32696;-151.227;-0.994538;10.3819;-1;-1;-1;-1;-1;-1;0;0;0;-1
0;0;-6.06832;-128.799;-0.0161892;8.5;-1;-1;-1;-1;-1;-1;0;1;47.0129;-1
0;0;-6.84384;-109.048;0.162034;10.2245;-1;-1;-1;-1;-1;-1;0;0;0;-1
0;0;-9.63163;-79.1327;0.462527;9.96882;-1;-1;-1;-1;-1;-1;0;0;0;-1
0;0;-6.17203;-58.429;-0.801577;9.5385;-1;-1;-1;-1;-1;-1;0;0;0;-1
0;0;-11.2735;-33.523;0.377916;8.5;-1;-1;-1;-1;-1;-1;0;1;125.103;-1
0;0;-7.2774;-12.4538;0.309872;10.4097;-1;-1;-1;-1;-1;-1;0;0;0;-1
0;0;-10.743;11.4536;-0.0407164;10.4076;-1;-1;-1;-1;-1;-1;0;0;0;-1
0;0;-7.01162;39.3372;0.679394;9.54399;-1;-1;-1;-1;-1;-1;0;0;0;-1
0;0;-5.82963;58.106;-0.93669;10.279;-1;-1;-1;-1;-1;-1;0;0;0;-1
0;0;-6.08158;84.2895;0.0221359;9.19972;-1;-1;-1;-1;-1;-1;0;0;0;-1
0;0;-5.47092;105.626;0.563484;8.5;-1;-1;-1;-1;-1;-1;0;1;63.7452;-1
0;0;-9.88256;134.305;0.250758;8.5;-1;-1;-1;-1;-1;-1;0;1;59.3996;-1
0;0;-5.62063;156.047;-0.71258;8.5;-1;-1;-1;-1;-1;-1;0;1;23.7715;-1
0;0;-5.7417;180.114;0.313101;8.88077;-1;-1;-1;-1;-1;-1;0;0;0;-1
0;0;-6.73172;200.615;0.238732;8.95773;-1;-1;-1;-1;-1;-1;0;0;0;-1
0;0;-7.32721;225.397;-0.963215;9.5783;-1;-1;-1;-1;-1;-1;0;0;0;-1
0;0;-10.6837;252.602;0.600486;8.5;-1;-1;-1;-1;-1;-1;0;1;87.5067;-1
0;0;-5.60063;273.33;-0.476462;8.81205;-1;-1;-1;-1;-1;-1;0;0;0;-1
0;0;-10.5796;297.934;-0.9655;8.5;-1;-1;-1;-1;-1;-1;0;1;18.8852;-1
0;0;-7.71079;319.437;-0.287108;10.006;-1;-1;-1;-1;-1;-1;0;0;0;-1
0;0;-11.4494;346.323;-0.840208;9.37234;-1;-1;-1;-1;-1;-1;0;0;0;-1
0;0;-7.62199;369.019;0.940747;8.97774;-1;-1;-1;-1;-1;-1;0;0;0;-1
0;0;-9.20262;395.134;-0.911266;10.2217;-1;-1;-1;-1;-1;-1;0;0;0;-1
0;0;10.3466;-398.487;0.647768;9.91809;-1;-1;-1;-1;-1;-1;0;0;0;-1
0;0;13.9462;-374.9;-0.275787;10.4144;-1;-1;-1;-1;-1;-1;0;0;0;-1
0;0;12.5502;-355.067;0.667416;9.78401;-1;-1;-1;-1;-1;-1;0;0;0;-1
0;0;13.9003;-330.829;0.89859;9.63145;-1;-1;-1;-1;-1;-1;0;0;0;-1
0;0;12.834;-305.968;0.793047;10.0855;-1;-1;-1;-1;-1;-1;0;0;0;-1
0;0;10.7556;-282.076;-0.964613;8.74755;-1;-1;-1;-1;-1;-1;0;0;0;-1
0;0;9.51409;-260.029;-0.41323;9.87278;-1;-1;-1;-1;-1;-1;0;0;0;-1
0;0;9.8472;-236.906;0.0152658;9.24436;-1;-1;-1;-1;-1;-1;0;0;0;-1
0;0;11.2279;-209.292;-0.510065;8.5;-1;-1;-1;-1;-1;-1;0;1;90.5156;-1
0;0;10.0865;-186.19;0.889187;9.55215;-1;-1;-1;-1;-1;-1;0;0;0;-1
0;0;13.6193;-161.584;0.912879;9.08264;-1;-1;-1;-1;-1;-1;0;0;0;-1
0;0;9.18817;-138.11;-0.940931;10.441;-1;-1;-1;-1;-1;-1;0;0;0;-1
0;0;11.2013;-113.744;-0.303717;9.23742;-1;-1;-1;-1;-1;-1;0;0;0;-1
0;0;14.1272;-87.2409;-0.252545;9.94694;-1;-1;-1;-1;-1;-1;0;0;0;-1
0;0;13.6747;-65.7596;-0.830025;8.71141;-1;-1;-1;-1;-1;-1;0;0;0;-1
0;0;10.2186;-45.2356;0.0229795;8.76017;-1;-1;-1;-1;-1;-1;0;0;0;-1
0;0;14.5862;-15.7803;0.167115;10.3052;-1;-1;-1;-1;-1;-1;0;0;0;-1
0;0;13.6909;2.29559;-0.666745;9.40869;-1;-1;-1;-1;-1;-1;0;0;0;-1
0;0;9.55013;30.2683;0.978906;8.5;-1;-1;-1;-1;-1;-1;0;1;33.9319;-1
0;0;11.4548;52.5863;0.687079;10.2539;-1;-1;-1;-1;-1;-1;0;0;0;-1
0;0;13.9397;78.0478;-0.102067;9.9193;-1;-1;-1;-1;-1;-1;0;0;0;-1
0;0;12.7045;97.7106;-0.154805;8.5;-1;-1;-1;-1;-1;-1;0;1;154.684;-1
0;0;14.4198;126.179;0.433042;9.24382;-1;-1;-1;-1;-1;-1;0;0;0;-1
0;0;10.5184;145.762;0.996318;9.5656;-1;-1;-1;-1;-1;-1;0;0;0;-1
0;0;15.2742;172.428;0.887035;9.18994;-1;-1;-1;-1;-1;-1;0;0;0;-1
0;0;11.2505;192.205;-0.483803;8.5;-1;-1;-1;-1;-1;-1;0;1;51.6765;-1
0;0;12.2281;219.955;0.657625;10.2124;-1;-1;-1;-1;-1;-1;0;0;0;-1
0;0;13.2536;240.23;-0.114567;9.17542;-1;-1;-1;-1;-1;-1;0;0;0;-1
0;0;12.219;266.393;-0.537964;10.1997;-1;-1;-1;-1;-1;-1;0;0;0;-1
0;0;15.2626;288.336;0.966023;10.3152;-1;-1;-1;-1;-1;-1;0;0;0;-1
0;0;11.5796;314.563;0.439575;10.4401;-1;-1;-1;-1;-1;-1;0;0;0;-1
0;0;14.6029;338.41;-0.517863;10.0779;-1;-1;-1;-1;-1;-1;0;0;0;-1
0;0;12.608;358.101;-0.92699;8.5;-1;-1;-1;-1;-1;-1;0;1;4.9697;-1
0;0;12.7972;388.312;-0.0359274;9.16888;-1;-1;-1;-1;-1;-1;0;0;0;-1
0;0;35.6589;-391.118;-0.759099;8.58081;-1;-1;-1;-1;-1;-1;0;0;0;-1
0;0;30.2183;-365.38;-0.0481616;8.50338;-1;-1;-1;-1;-1;-1;0;0;0;-1
0;0;31.5588;-345.67;-0.71245;9.94162;-1;-1;-1;-1;-1;-1;0;0;0;-1
0;0;33.9206;-323.322;-0.335868;9.47726;-1;-1;-1;-1;-1;-1;0;0;0;-1
0;0;30.2914;-299.689;-0.665046;9.48705;-1;-1;-1;-1;-1;-1;0;0;0;-1
0;0;33.2839;-274.051;0.630978;8.5;-1;-1;-1;-1;-1;-1;0;1;114.455;-1
0;0;30.2171;-252.006;0.197073;8.5;-1;-1;-1;-1;-1;-1;0;1;110.709;-1
0;0;35.4063;-227.624;0.28255;8.71164;-1;-1;-1;-1;-1;-1;0;0;0;-1
0;0;32.9739;-200.761;0.627509;9.24708;-1;-1;-1;-1;-1;-1;0;0;0;-1
0;0;35.7815;-175.574;-0.612945;8.5;-1;-1;-1;-1;-1;-1;0;1;102.208;-1
0;0;35.2446;-153.916;-0.0450391;8.5;-1;-1;-1;-1;-1;-1;0;1;94.6009;-1
0;0;31.6839;-126.304;0.0504635;9.31523;-1;-1;-1;-1;-1;-1;0;0;0;-1
0;0;32.7328;-103.414;-0.656583;10.3679;-1;-1;-1;-1;-1;-1;0;0;0;-1
0;0;31.752;-79.6122;0.0280158;10.0663;-1;-1;-1;-1;-1;-1;0;0;0;-1
0;0;30.4885;-60.3322;-0.578564;8.75729;-1;-1;-1;-1;-1;-1;0;0;0;-1
0;0;30.6026;-32.5899;0.765102;10.1039;-1;-1;-1;-1;-1;-1;0;0;0;-1
0;0;33.8171;-8.07069;-0.741385;8.74516;-1;-1;-1;-1;-1;-1;0;0;0;-1
0;0;31.3468;10.4529;-0.098723;8.5;-1;-1;-1;-1;-1;-1;0;1;93.7829;-1
0;0;33.1676;33.9938;-0.121858;8.5;-1;-1;-1;-1;-1;-1;0;1;34.5723;-1
0;0;31.1462;62.156;-0.706631;8.62658;-1;-1;-1;-1;-1;-1;0;0;0;-1
0;0;30.3299;82.6735;-0.139634;9.26632;-1;-1;-1;-1;-1;-1;0;0;0;-1
0;0;31.8915;107.019;-0.887503;10.2294;-1;-1;-1;-1;-1;-1;0;0;0;-1
0;0;32.2865;131.738;-0.203432;8.65426;-1;-1;-1;-1;-1;-1;0;0;0;-1
0;0;34.1106;158.253;-0.0348036;9.95774;-1;-1;-1;-1;-1;-1;0;0;0;-1
0;0;32.988;179.476;0.404579;9.99483;-1;-1;-1;-1;-1;-1;0;0;0;-1
0;0;33.1789;201.816;-0.157029;9.08631;-1;-1;-1;-1;-1;-1;0;0;0;-1
0;0;31.9202;229.499;0.937127;9.79921;-1;-1;-1;-1;-1;-1;0;0;0;-1
0;0;31.9066;254.525;0.591402;9.10711;-1;-1;-1;-1;-1;-1;0;0;0;-1
0;0;33.1163;276.238;0.909328;10.1644;-1;-1;-1;-1;-1;-1;0;0;0;-1
0;0;34.3373;297.2;0.257626;9.84868;-1;-1;-1;-1;-1;-1;0;0;0;-1
0;0;34.5234;320.324;0.0018945;8.91806;-1;-1;-1;-1;-1;-1;0;0;0;-1
0;0;30.786;343.324;0.967782;10.1036;-1;-1;-1;-1;-1;-1;0;0;0;-1
0;0;34.9817;366.78;-0.767295;8.5;-1;-1;-1;-1;-1;-1;0;1;28.0903;-1
0;0;29.9801;394.769;-0.322081;10.4156;-1;-1;-1;-1;-1;-1;0;0;0;-1
0;0;54.9293;-379.428;0.13496;9.42148;-1;-1;-1;-1;-1;-1;0;0;0;-1
0;0;52.1815;-355.153;0.0937474;8.75397;-1;-1;-1;-1;-1;-1;0;0;0;-1
0;0;52.8738;-331.829;0.365417;8.5;-1;-1;-1;-1;-1;-1;0;1;112.679;-1
0;0;53.5529;-302.087;0.616955;9.90297;-1;-1;-1;-1;-1;-1;0;0;0;-1
0;0;55.0734;-280.277;0.811351;8.5;-1;-1;-1;-1;-1;-1;0;1;88.8965;-1
0;0;51.6752;-260.183;0.913922;8.80568;-1;-1;-1;-1;-1;-1;0;0;0;-1
0;0;51.2806;-236.435;0.313573;8.9622;-1;-1;-1;-1;-1;-1;0;0;0;-1
0;0;52.5581;-210.532;0.744971;9.27444;-1;-1;-1;-1;-1;-1;0;0;0;-1
0;0;51.3621;-185.794;0.92817;10.1554;-1;-1;-1;-1;-1;-1;0;0;0;-1
0;0;55.3863;-159.215;-0.876322;9.44257;-1;-1;-1;-1;-1;-1;0;0;0;-1
0;0;54.3055;-138.54;-0.798195;9.9417;-1;-1;-1;-1;-1;-1;0;0;0;-1
0;0;53.8766;-112.097;-0.787886;10.3408;-1;-1;-1;-1;-1;-1;0;0;0;-1
0;0;55.3363;-89.091;0.35828;10.2745;-1;-1;-1;-1;-1;-1;0;0;0;-1
0;0;55.6436;-69.8036;0.840781;9.86606;-1;-1;-1;-1;-1;-1;0;0;0;-1
0;0;51.8294;-45.3464;-0.353436;9.05966;-1;-1;-1;-1;-1;-1;0;0;0;-1
0;0;51.9817;-16.5193;0.443005;9.1179;-1;-1;-1;-1;-1;-1;0;0;0;-1
0;0;53.3643;4.46543;-0.785125;10.43;-1;-1;-1;-1;-1;-1;0;0;0;-1
0;0;51.0463;24.9225;0.671306;10.2977;-1;-1;-1;-1;-1;-1;0;0;0;-1
0;0;54.8629;50.1863;-0.243385;8.79638;-1;-1;-1;-1;-1;-1;0;0;0;-1
0;0;54.5718;78.1315;0.150007;8.90338;-1;-1;-1;-1;-1;-1;0;0;0;-1
0;0;52.8733;96.7661;0.345509;9.48669;-1;-1;-1;-1;-1;-1;0;0;0;-1
0;0;50.899;121.39;-0.675913;9.7869;-1;-1;-1;-1;-1;-1;0;0;0;-1
0;0;54.6844;144.812;0.307516;9.59377;-1;-1;-1;-1;-1;-1;0;0;0;-1
0;0;50.8578;171.439;0.132421;9.31338;-1;-1;-1;-1;-1;-1;0;0;0;-1
0;0;51.8682;195.656;-0.838518;8.5;-1;-1;-1;-1;-1;-1;0;1;70.1175;-1
0;0;51.5851;217.757;-0.886761;8.5;-1;-1;-1;-1;-1;-1;0;1;31.3188;-1
0;0;56.0104;246.031;-0.259521;9.73894;-1;-1;-1;-1;-1;-1;0;0;0;-1
0;0;50.5716;265.072;0.564499;9.47153;-1;-1;-1;-1;-1;-1;0;0;0;-1
0;0;52.479;290.981;-0.676845;10.4489;-1;-1;-1;-1;-1;-1;0;0;0;-1
0;0;50.5282;317.39;-0.79543;8.5;-1;-1;-1;-1;-1;-1;0;1;85.8404;-1
0;0;54.7953;337.441;0.0470159;9.38518;-1;-1;-1;-1;-1;-1;0;0;0;-1
0;0;54.7425;359.921;0.888167;9.32952;-1;-1;-1;-1;-1;-1;0;0;0;-1
0;0;54.6267;386.828;0.327128;9.50139;-1;-1;-1;-1;-1;-1;0;0;0;-1
0;0;76.7602;-391.048;-0.0226604;10.1533;-1;-1;-1;-1;-1;-1;0;0;0;-1
0;0;74.0634;-367.729;-0.616252;9.63964;-1;-1;-1;-1;-1;-1;0;0;0;-1
0;0;75.1749;-341.527;0.713514;9.41744;-1;-1;-1;-1;-1;-1;0;0;0;-1
0;0;71.8088;-321.561;-0.71936;8.95738;-1;-1;-1;-1;-1;-1;0;0;0;-1
0;0;76.7437;-292.763;-0.908059;9.36755;-1;-1;-1;-1;-1;-1;0;0;0;-1
0;0;75.4177;-274.493;0.760925;8.5;-1;-1;-1;-1;-1;-1;0;1;134.964;-1
0;0;77.0832;-249.15;-0.635111;9.57077;-1;-1;-1;-1;-1;-1;0;0;0;-1
0;0;77.1508;-222.96;0.208394;9.49407;-1;-1;-1;-1;-1;-1;0;0;0;-1
0;0;72.1333;-201.496;-0.87294;9.06712;-1;-1;-1;-1;-1;-1;0;0;0;-1
0;0;75.9807;-179.677;-0.0757182;8.52809;-1;-1;-1;-1;-1;-1;0;0;0;-1
0;0;76.0959;-149.996;-0.741585;10.0931;-1;-1;-1;-1;-1;-1;0;0;0;-1
0;0;73.0949;-127.851;0.0414913;10.3632;-1;-1;-1;-1;-1;-1;0;0;0;-1
0;0;72.978;-107.533;-0.257783;9.61976;-1;-1;-1;-1;-1;-1;0;0;0;-1
0;0;75.4901;-82.3716;-0.0703121;8.97783;-1;-1;-1;-1;-1;-1;0;0;0;-1
0;0;74.752;-59.5909;0.066537;10.4378;-1;-1;-1;-1;-1;-1;0;0;0;-1
0;0;76.6688;-31.1983;0.797849;9.27848;-1;-1;-1;-1;-1;-1;0;0;0;-1
0;0;71.8;-7.86892;-0.0282833;10.0882;-1;-1;-1;-1;-1;-1;0;0;0;-1
0;0;72.8603;16.3413;-0.0456295;9.61245;-1;-1;-1;-1;-1;-1;0;0;0;-1
0;0;75.6913;38.9567;-0.467778;9.21773;-1;-1;-1;-1;-1;-1;0;0;0;-1
0;0;74.5732;63.2;-0.575768;9.08896;-1;-1;-1;-1;-1;-1;0;0;0;-1
0;0;70.9746;84.933;-0.0227983;8.69814;-1;-1;-1;-1;-1;-1;0;0;0;-1
0;0;75.9996;106.863;-0.472719;9.08678;-1;-1;-1;-1;-1;-1;0;0;0;-1
0;0;74.385;130.524;0.389198;9.49719;-1;-1;-1;-1;-1;-1;0;0;0;-1
0;0;76.0951;158.968;-0.273874;8.72461;-1;-1;-1;-1;-1;-1;0;0;0;-1
0;0;73.6438;181.722;-0.290239;9.16303;-1;-1;-1;-1;-1;-1;0;0;0;-1
0;0;76.116;199.989;-0.436504;8.66337;-1;-1;-1;-1;-1;-1;0;0;0;-1
0;0;72.7733;225.116;-0.419602;9.12028;-1;-1;-1;-1;-1;-1;0;0;0;-1
0;0;73.5357;251.683;-0.940038;8.86215;-1;-1;-1;-1;-1;-1;0;0;0;-1
0;0;77.0895;272.047;0.531403;9.46741;-1;-1;-1;-1;-1;-1;0;0;0;-1
0;0;74.5224;295.722;0.807675;9.82383;-1;-1;-1;-1;-1;-1;0;0;0;-1
0;0;72.1249;325.87;-0.737712;10.1778;-1;-1;-1;-1;-1;-1;0;0;0;-1
0;0;74.5132;343.263;0.228558;9.63745;-1;-1;-1;-1;-1;-1;0;0;0;-1
0;0;71.7689;371.628;0.181298;9.51612;-1;-1;-1;-1;-1;-1;0;0;0;-1
0;0;77.1222;391.182;0.0169992;10.286;-1;-1;-1;-1;-1;-1;0;0;0;-1
0;0;97.6457;-376.727;-0.341661;8.54053;-1;-1;-1;-1;-1;-1;0;0;0;-1
0;0;96.1797;-352.404;-0.195918;10.2681;-1;-1;-1;-1;-1;-1;0;0;0;-1
0;0;94.6153;-331.241;-0.259433;9.68571;-1;-1;-1;-1;-1;-1;0;0;0;-1
0;0;94.9275;-305.232;0.603397;9.87938;-1;-1;-1;-1;-1;-1;0;0;0;-1
0;0;97.7266;-280.411;0.936021;8.5;-1;-1;-1;-1;-1;-1;0;1;72.3068;-1
0;0;94.6007;-259.716;-0.666448;10.2443;-1;-1;-1;-1;-1;-1;0;0;0;-1
0;0;92.9836;-235.196;-0.271385;9.3202;-1;-1;-1;-1;-1;-1;0;0;0;-1
0;0;93.3435;-211.3;0.76825;8.5;-1;-1;-1;-1;-1;-1;0;1;111.623;-1
0;0;96.5577;-187.661;0.0332143;9.90244;-1;-1;-1;-1;-1;-1;0;0;0;-1
0;0;91.7052;-163.953;0.762321;8.82483;-1;-1;-1;-1;-1;-1;0;0;0;-1
0;0;92.0745;-137.157;-0.474162;10.0759;-1;-1;-1;-1;-1;-1;0;0;0;-1
0;0;93.3644;-113.575;-0.296899;10.2785;-1;-1;-1;-1;-1;-1;0;0;0;-1
0;0;96.0524;-87.4216;0.601613;8.5;-1;-1;-1;-1;-1;-1;0;1;131.509;-1
0;0;93.9299;-63.2869;-0.880547;10.1915;-1;-1;-1;-1;-1;-1;0;0;0;-1
0;0;92.8559;-46.3765;-0.165888;10.4414;-1;-1;-1;-1;-1;-1;0;0;0;-1
0;0;94.1591;-21.1068;-0.0430114;8.67466;-1;-1;-1;-1;-1;-1;0;0;0;-1
0;0;92.2103;5.35264;-0.282855;9.77543;-1;-1;-1;-1;-1;-1;0;0;0;-1
0;0;94.1611;25.3353;-0.483569;9.36512;-1;-1;-1;-1;-1;-1;0;0;0;-1
0;0;92.1774;49.7018;-0.0648481;9.21958;-1;-1;-1;-1;-1;-1;0;0;0;-1
0;0;95.768;78.8004;-0.43611;10.3963;-1;-1;-1;-1;-1;-1;0;0;0;-1
0;0;92.7375;100.171;0.535695;8.5;-1;-1;-1;-1;-1;-1;0;1;160.102;-1
0;0;96.9986;126.163;0.469174;8.97803;-1;-1;-1;-1;-1;-1;0;0;0;-1
0;0;97.0361;145.644;0.605428;8.5;-1;-1;-1;-1;-1;-1;0;1;18.21;-1
0;0;93.8;172.563;0.200716;10.1565;-1;-1;-1;-1;-1;-1;0;0;0;-1
0;0;94.0016;194.018;-0.269541;10.1777;-1;-1;-1;-1;-1;-1;0;0;0;-1
0;0;92.6897;218.283;-0.641653;9.9653;-1;-1;-1;-1;-1;-1;0;0;0;-1
0;0;93.0052;240.329;-0.075693;9.04152;-1;-1;-1;-1;-1;-1;0;0;0;-1
0;0;94.6257;268.377;0.342168;9.05007;-1;-1;-1;-1;-1;-1;0;0;0;-1
0;0;91.8383;286.981;-0.61881;9.55953;-1;-1;-1;-1;-1;-1;0;0;0;-1
0;0;92.6388;312.395;-0.114988;10.2579;-1;-1;-1;-1;-1;-1;0;0;0;-1
0;0;94.3984;335.155;-0.767025;8.5;-1;-1;-1;-1;-1;-1;0;1;33.1164;-1
0;0;95.0188;359.352;-0.381588;8.5;-1;-1;-1;-1;-1;-1;0;1;53.9893;-1
0;0;93.7607;384.056;-0.329382;10.1234;-1;-1;-1;-1;-1;-1;0;0;0;-1
0;0;112.81;-369.738;-0.139557;8.9806;-1;-1;-1;-1;-1;-1;0;0;0;-1
0;0;113.663;-341.567;-0.20796;8.55246;-1;-1;-1;-1;-1;-1;0;0;0;-1
0;0;112.937;-317.604;-0.781876;10.2973;-1;-1;-1;-1;-1;-1;0;0;0;-1
0;0;114.06;-299.735;-0.00475376;9.53428;-1;-1;-1;-1;-1;-1;0;0;0;-1
0;0;113.945;-275.108;0.257031;9.74109;-1;-1;-1;-1;-1;-1;0;0;0;-1
0;0;115.249;-251.316;-0.829144;8.64163;-1;-1;-1;-1;-1;-1;0;0;0;-1
0;0;113.762;-222.532;0.880381;10.0989;-1;-1;-1;-1;-1;-1;0;0;0;-1
0;0;112.492;-203.428;0.707487;8.64713;-1;-1;-1;-1;-1;-1;0;0;0;-1
0;0;117.433;-178.107;-0.0421794;8.5;-1;-1;-1;-1;-1;-1;0;1;52.8024;-1
0;0;114.993;-152.033;-0.318769;8.5;-1;-1;-1;-1;-1;-1;0;1;22.3932;-1
0;0;114.189;-130.791;0.307116;9.59144;-1;-1;-1;-1;-1;-1;0;0;0;-1
0;0;113.342;-109.143;-0.719601;9.44239;-1;-1;-1;-1;-1;-1;0;0;0;-1
0;0;115.153;-80.1331;-0.50264;8.5;-1;-1;-1;-1;-1;-1;0;1;130.327;-1
0;0;115.644;-58.6558;-0.459794;8.79518;-1;-1;-1;-1;-1;-1;0;0;0;-1
0;0;112.68;-32.9838;0.35067;10.3476;-1;-1;-1;-1;-1;-1;0;0;0;-1
0;0;117.803;-9.40057;-0.179355;9.04706;-1;-1;-1;-1;-1;-1;0;0;0;-1
0;0;113.804;13.2999;0.949376;8.5;-1;-1;-1;-1;-1;-1;0;1;114.916;-1
0;0;117.15;33.8104;-0.595615;9.63066;-1;-1;-1;-1;-1;-1;0;0;0;-1
0;0;114.986;60.7601;-0.714273;8.51763;-1;-1;-1;-1;-1;-1;0;0;0;-1
0;0;115.427;84.2204;-0.770626;9.56303;-1;-1;-1;-1;-1;-1;0;0;0;-1
0;0;113.294;109.385;-0.442745;8.84341;-1;-1;-1;-1;-1;-1;0;0;0;-1
0;0;114.347;130.485;0.912193;8.5;-1;-1;-1;-1;-1;-1;0;1;155.241;-1
0;0;113.99;158.893;-0.0102899;9.19344;-1;-1;-1;-1;-1;-1;0;0;0;-1
0;0;112.795;180.614;0.489228;8.72617;-1;-1;-1;-1;-1;-1;0;0;0;-1
0;0;114.918;200.024;0.267314;10.0491;-1;-1;-1;-1;-1;-1;0;0;0;-1
0;0;117.877;227.019;0.622323;9.42332;-1;-1;-1;-1;-1;-1;0;0;0;-1
0;0;115.351;252.332;0.467118;9.89526;-1;-1;-1;-1;-1;-1;0;0;0;-1
0;0;118.163;271.875;0.694718;9.92914;-1;-1;-1;-1;-1;-1;0;0;0;-1
0;0;117.012;298.384;-0.901065;8.51064;-1;-1;-1;-1;-1;-1;0;0;0;-1
0;0;114.087;324.393;-0.549809;9.34051;-1;-1;-1;-1;-1;-1;0;0;0;-1
0;0;112.981;343.263;0.212398;8.5;-1;-1;-1;-1;-1;-1;0;1;32.861;-1
0;0;114.388;371.997;0.26234;10.3407;-1;-1;-1;-1;-1;-1;0;0;0;-1
0;0;133.128;-348.948;0.943797;8.71933;-1;-1;-1;-1;-1;-1;0;0;0;-1
0;0;133.734;-329.41;-0.781185;9.71004;-1;-1;-1;-1;-1;-1;0;0;0;-1
0;0;135.635;-306.304;0.752598;9.89409;-1;-1;-1;-1;-1;-1;0;0;0;-1
0;0;138.514;-282.183;-0.404664;10.3561;-1;-1;-1;-1;-1;-1;0;0;0;-1
0;0;132.943;-255.873;-0.153842;8.66822;-1;-1;-1;-1;-1;-1;0;0;0;-1
0;0;138.627;-230.246;0.300388;8.5;-1;-1;-1;-1;-1;-1;0;1;126.36;-1
0;0;138.317;-211.07;-0.787888;8.81054;-1;-1;-1;-1;-1;-1;0;0;0;-1
0;0;137.115;-188.81;-0.15067;8.57322;-1;-1;-1;-1;-1;-1;0;0;0;-1
0;0;138.771;-165.267;-0.06095;9.55673;-1;-1;-1;-1;-1;-1;0;0;0;-1
0;0;133.329;-141.444;0.437119;8.53664;-1;-1;-1;-1;-1;-1;0;0;0;-1
0;0;137.344;-117.054;-0.249039;8.5;-1;-1;-1;-1;-1;-1;0;1;102.809;-1
0;0;137.352;-92.4255;0.282861;9.04228;-1;-1;-1;-1;-1;-1;0;0;0;-1
0;0;134.913;-68.7812;-0.258866;9.43043;-1;-1;-1;-1;-1;-1;0;0;0;-1
0;0;133.056;-42.9479;0.737596;9.50633;-1;-1;-1;-1;-1;-1;0;0;0;-1
0;0;133.306;-19.8173;0.342293;10.0343;-1;-1;-1;-1;-1;-1;0;0;0;-1
0;0;137.184;7.68779;-0.727536;10.3524;-1;-1;-1;-1;-1;-1;0;0;0;-1
0;0;134.684;29.8155;-0.686479;8.66543;-1;-1;-1;-1;-1;-1;0;0;0;-1
0;0;133.325;53.1392;0.901286;8.5;-1;-1;-1;-1;-1;-1;0;1;94.2616;-1
0;0;135.027;72.6591;-0.776506;10.3289;-1;-1;-1;-1;-1;-1;0;0;0;-1
0;0;133.97;103.182;-0.014262;9.91281;-1;-1;-1;-1;-1;-1;0;0;0;-1
0;0;137.213;123.166;0.786182;9.66049;-1;-1;-1;-1;-1;-1;0;0;0;-1
0;0;136.721;147.91;-0.519248;8.5;-1;-1;-1;-1;-1;-1;0;1;140.402;-1
0;0;137.171;168.749;0.139868;8.80771;-1;-1;-1;-1;-1;-1;0;0;0;-1
0;0;134.308;193.077;0.473358;8.7242;-1;-1;-1;-1;-1;-1;0;0;0;-1
0;0;138.652;220.204;0.0121975;8.7148;-1;-1;-1;-1;-1;-1;0;0;0;-1
0;0;135.321;245.631;-0.424672;10.4471;-1;-1;-1;-1;-1;-1;0;0;0;-1
0;0;133.207;268.976;-0.43227;8.75511;-1;-1;-1;-1;-1;-1;0;0;0;-1
0;0;136.802;288.065;-0.563116;8.5;-1;-1;-1;-1;-1;-1;0;1;83.7657;-1
0;0;133.777;310.944;0.513692;10.3346;-1;-1;-1;-1;-1;-1;0;0;0;-1
0;0;132.861;334.516;-0.43615;8.82695;-1;-1;-1;-1;-1;-1;0;0;0;-1
0;0;137.164;363.983;0.84876;9.37728;-1;-1;-1;-1;-1;-1;0;0;0;-1
0;0;156.994;-341.752;-0.165154;10.0884;-1;-1;-1;-1;-1;-1;0;0;0;-1
0;0;158.591;-323.215;0.38884;10.0403;-1;-1;-1;-1;-1;-1;0;0;0;-1
0;0;156.444;-295.194;-0.137579;8.5941;-1;-1;-1;-1;-1;-1;0;0;0;-1
0;0;158.37;-272.394;0.904;10.3277;-1;-1;-1;-1;-1;-1;0;0;0;-1
0;0;153.549;-248.466;-0.0704366;9.19557;-1;-1;-1;-1;-1;-1;0;0;0;-1
0;0;156.228;-222.334;-0.213564;8.69486;-1;-1;-1;-1;-1;-1;0;0;0;-1
0;0;158.304;-199.235;0.679041;8.5;-1;-1;-1;-1;-1;-1;0;1;80.2453;-1
0;0;153.786;-179.404;0.228433;9.73246;-1;-1;-1;-1;-1;-1;0;0;0;-1
0;0;158.734;-153.599;0.633752;9.98024;-1;-1;-1;-1;-1;-1;0;0;0;-1
0;0;155.089;-132.348;0.203331;8.6645;-1;-1;-1;-1;-1;-1;0;0;0;-1
0;0;155.691;-109.313;-0.455263;9.45535;-1;-1;-1;-1;-1;-1;0;0;0;-1
0;0;156.765;-83.0438;0.955904;8.5;-1;-1;-1;-1;-1;-1;0;1;110.57;-1
0;0;159.537;-56.3543;0.914127;10.07;-1;-1;-1;-1;-1;-1;0;0;0;-1
0;0;156.307;-32.8284;0.0580377;8.6488;-1;-1;-1;-1;-1;-1;0;0;0;-1
0;0;154.584;-12.5834;0.946888;8.5;-1;-1;-1;-1;-1;-1;0;1;46.3596;-1
0;0;154.042;13.5116;0.20443;8.62478;-1;-1;-1;-1;-1;-1;0;0;0;-1
0;0;156.9;34.865;-0.0236512;8.63276;-1;-1;-1;-1;-1;-1;0;0;0;-1
0;0;159.32;62.8374;-0.844944;9.36669;-1;-1;-1;-1;-1;-1;0;0;0;-1
0;0;156.344;82.8006;-0.639303;9.32229;-1;-1;-1;-1;-1;-1;0;0;0;-1
0;0;155.542;109.269;0.428955;8.5;-1;-1;-1;-1;-1;-1;0;1;60.6958;-1
0;0;158.987;128.747;0.92919;8.5;-1;-1;-1;-1;-1;-1;0;1;123.082;-1
0;0;157.327;158.79;-0.71988;10.1719;-1;-1;-1;-1;-1;-1;0;0;0;-1
0;0;156.832;179.046;0.892296;8.91374;-1;-1;-1;-1;-1;-1;0;0;0;-1
0;0;153.929;206.063;0.0170014;9.22637;-1;-1;-1;-1;-1;-1;0;0;0;-1
0;0;155.521;223.815;0.0872369;8.62124;-1;-1;-1;-1;-1;-1;0;0;0;-1
0;0;158.868;248.233;-0.159546;9.01749;-1;-1;-1;-1;-1;-1;0;0;0;-1
0;0;156.417;275.925;-0.813591;9.07243;-1;-1;-1;-1;-1;-1;0;0;0;-1
0;0;155.863;299.536;0.227246;8.81484;-1;-1;-1;-1;-1;-1;0;0;0;-1
0;0;157.925;324.612;-0.969313;9.72108;-1;-1;-1;-1;-1;-1;0;0;0;-1
0;0;159.553;344.28;0.782996;9.88991;-1;-1;-1;-1;-1;-1;0;0;0;-1
0;0;178.936;-355.452;0.44984;10.1399;-1;-1;-1;-1;-1;-1;0;0;0;-1
0;0;175.924;-331.147;0.802882;9.80026;-1;-1;-1;-1;-1;-1;0;0;0;-1
0;0;176.028;-301.451;0.794914;8.74622;-1;-1;-1;-1;-1;-1;0;0;0;-1
0;0;176.79;-280.926;0.1098;9.39892;-1;-1;-1;-1;-1;-1;0;0;0;-1
0;0;176.55;-260.472;-0.2578;8.68669;-1;-1;-1;-1;-1;-1;0;0;0;-1
0;0;175.009;-234.09;0.62083;9.51637;-1;-1;-1;-1;-1;-1;0;0;0;-1
0;0;179.514;-206.683;0.930655;10.1929;-1;-1;-1;-1;-1;-1;0;0;0;-1
0;0;176.016;-186.822;0.543486;8.9322;-1;-1;-1;-1;-1;-1;0;0;0;-1
0;0;174.155;-163.709;0.472101;9.10504;-1;-1;-1;-1;-1;-1;0;0;0;-1
0;0;175.588;-139.031;-0.0221114;9.71813;-1;-1;-1;-1;-1;-1;0;0;0;-1
0;0;179.733;-116.587;-0.000899008;9.14158;-1;-1;-1;-1;-1;-1;0;0;0;-1
0;0;176.652;-91.8113;0.96752;8.5;-1;-1;-1;-1;-1;-1;0;1;10.1419;-1
0;0;179.279;-68.3875;0.136371;8.5;-1;-1;-1;-1;-1;-1;0;1;51.4305;-1
0;0;180.185;-44.1962;-0.847303;9.93813;-1;-1;-1;-1;-1;-1;0;0;0;-1
0;0;175.239;-16.4657;0.103779;9.51605;-1;-1;-1;-1;-1;-1;0;0;0;-1
0;0;178.254;8.02361;-0.549331;8.5;-1;-1;-1;-1;-1;-1;0;1;65.0042;-1
0;0;174.403;29.5659;0.618853;8.89318;-1;-1;-1;-1;-1;-1;0;0;0;-1
0;0;175.101;54.0197;0.162792;8.54378;-1;-1;-1;-1;-1;-1;0;0;0;-1
0;0;179.52;75.1904;0.268045;9.73029;-1;-1;-1;-1;-1;-1;0;0;0;-1
0;0;175.778;100.268;-0.462621;9.04079;-1;-1;-1;-1;-1;-1;0;0;0;-1
0;0;176.732;126.245;0.0621309;8.74053;-1;-1;-1;-1;-1;-1;0;0;0;-1
0;0;180.097;145.77;-0.0396601;8.5;-1;-1;-1;-1;-1;-1;0;1;19.9006;-1
0;0;175.707;172.379;0.116907;8.5;-1;-1;-1;-1;-1;-1;0;1;67.9557;-1
0;0;175.604;194.24;0.787585;10.1598;-1;-1;-1;-1;-1;-1;0;0;0;-1
0;0;174.232;221.384;-0.792833;9.60073;-1;-1;-1;-1;-1;-1;0;0;0;-1
0;0;175.715;242.672;0.189784;10.4498;-1;-1;-1;-1;-1;-1;0;0;0;-1
0;0;176.699;266.663;-0.656464;9.94002;-1;-1;-1;-1;-1;-1;0;0;0;-1
0;0;174.432;288.511;-0.286039;9.13976;-1;-1;-1;-1;-1;-1;0;0;0;-1
0;0;179.29;313.272;0.415369;9.47859;-1;-1;-1;-1;-1;-1;0;0;0;-1
0;0;174.325;334.673;0.748404;8.5;-1;-1;-1;-1;-1;-1;0;1;20.7149;-1
0;0;194.981;-345.202;-0.90309;10.2668;-1;-1;-1;-1;-1;-1;0;0;0;-1
0;0;194.949;-319.461;0.472635;10.4135;-1;-1;-1;-1;-1;-1;0;0;0;-1
0;0;196.301;-299.775;0.397585;8.5;-1;-1;-1;-1;-1;-1;0;1;20.9996;-1
0;0;196.529;-269.139;0.70542;8.5;-1;-1;-1;-1;-1;-1;0;1;106.071;-1
0;0;198.991;-250.437;0.879567;8.52206;-1;-1;-1;-1;-1;-1;0;0;0;-1
0;0;200.762;-223.062;0.0868592;8.52043;-1;-1;-1;-1;-1;-1;0;0;0;-1
0;0;197.066;-197.896;0.532041;10.0664;-1;-1;-1;-1;-1;-1;0;0;0;-1
0;0;196.64;-180.858;0.363202;8.51839;-1;-1;-1;-1;-1;-1;0;0;0;-1
0;0;196.582;-155.415;-0.397809;9.60963;-1;-1;-1;-1;-1;-1;0;0;0;-1
0;0;198.334;-127.482;0.136925;8.61489;-1;-1;-1;-1;-1;-1;0;0;0;-1
0;0;196.071;-107.199;0.380764;8.77617;-1;-1;-1;-1;-1;-1;0;0;0;-1
0;0;195.996;-80.4391;-0.974533;8.85007;-1;-1;-1;-1;-1;-1;0;0;0;-1
0;0;199.158;-56.4393;0.107552;8.5;-1;-1;-1;-1;-1;-1;0;1;73.6785;-1
0;0;196.237;-34.6065;0.848611;9.20349;-1;-1;-1;-1;-1;-1;0;0;0;-1
0;0;199.127;-12.3301;-0.0245565;9.19316;-1;-1;-1;-1;-1;-1;0;0;0;-1
0;0;196.754;10.3394;0.121524;10.0167;-1;-1;-1;-1;-1;-1;0;0;0;-1
0;0;197.844;37.2128;-0.182625;9.65041;-1;-1;-1;-1;-1;-1;0;0;0;-1
0;0;196.431;59.6701;0.676258;8.78458;-1;-1;-1;-1;-1;-1;0;0;0;-1
0;0;197.576;83.0695;0.686785;10.3635;-1;-1;-1;-1;-1;-1;0;0;0;-1
0;0;194.739;107.592;0.62676;9.23654;-1;-1;-1;-1;-1;-1;0;0;0;-1
0;0;200.135;131.359;0.402086;9.29499;-1;-1;-1;-1;-1;-1;0;0;0;-1
0;0;200.651;154.489;-0.197193;8.58209;-1;-1;-1;-1;-1;-1;0;0;0;-1
0;0;195.461;177.558;-0.99081;10.245;-1;-1;-1;-1;-1;-1;0;0;0;-1
0;0;195.528;200.698;-0.294808;8.98871;-1;-1;-1;-1;-1;-1;0;0;0;-1
0;0;200.607;230.381;0.500648;8.80975;-1;-1;-1;-1;-1;-1;0;0;0;-1
0;0;198.65;252.275;-0.536518;8.8391;-1;-1;-1;-1;-1;-1;0;0;0;-1
0;0;196.7;278.166;-0.921063;8.81129;-1;-1;-1;-1;-1;-1;0;0;0;-1
0;0;199.417;295.941;-0.0893271;9.5342;-1;-1;-1;-1;-1;-1;0;0;0;-1
0;0;199.101;319.352;-0.811468;9.90821;-1;-1;-1;-1;-1;-1;0;0;0;-1
0;0;198.271;345.008;-0.985885;9.18445;-1;-1;-1;-1;-1;-1;0;0;0;-1
0;0;215.774;-328.55;0.361314;9.49467;-1;-1;-1;-1;-1;-1;0;0;0;-1
0;0;221.282;-307.814;-0.144285;9.32862;-1;-1;-1;-1;-1;-1;0;0;0;-1
0;0;220.167;-279.75;-0.0233368;9.93955;-1;-1;-1;-1;-1;-1;0;0;0;-1
0;0;215.579;-259.584;-0.39644;8.89372;-1;-1;-1;-1;-1;-1;0;0;0;-1
0;0;218.22;-230.064;0.47412;10.3262;-1;-1;-1;-1;-1;-1;0;0;0;-1
0;0;217.457;-210.605;0.779227;8.9868;-1;-1;-1;-1;-1;-1;0;0;0;-1
0;0;220.326;-185.261;-0.852318;9.64812;-1;-1;-1;-1;-1;-1;0;0;0;-1
0;0;221.125;-160.509;-0.110818;8.66984;-1;-1;-1;-1;-1;-1;0;0;0;-1
0;0;219.907;-139.87;0.394779;8.78311;-1;-1;-1;-1;-1;-1;0;0;0;-1
0;0;218.222;-111.27;0.783724;10.4302;-1;-1;-1;-1;-1;-1;0;0;0;-1
0;0;216.729;-91.5284;0.771744;8.5;-1;-1;-1;-1;-1;-1;0;1;35.2811;-1
0;0;218.989;-65.8256;0.343468;8.5;-1;-1;-1;-1;-1;-1;0;1;17.0632;-1
0;0;215.702;-41.6302;0.245521;9.05046;-1;-1;-1;-1;-1;-1;0;0;0;-1
0;0;220.96;-18.9021;-0.124002;8.97657;-1;-1;-1;-1;-1;-1;0;0;0;-1
0;0;217.115;6.88318;-0.751074;9.5322;-1;-1;-1;-1;-1;-1;0;0;0;-1
0;0;216.853;25.801;-0.699971;10.1525;-1;-1;-1;-1;-1;-1;0;0;0;-1
0;0;215.691;50.7336;0.246898;9.126;-1;-1;-1;-1;-1;-1;0;0;0;-1
0;0;216.797;76.1184;0.858425;10.1753;-1;-1;-1;-1;-1;-1;0;0;0;-1
0;0;217.585;97.0235;-0.804327;10.2796;-1;-1;-1;-1;-1;-1;0;0;0;-1
0;0;219.605;125.247;0.699617;8.5;-1;-1;-1;-1;-1;-1;0;1;41.885;-1
0;0;215.49;150.851;0.996735;9.37833;-1;-1;-1;-1;-1;-1;0;0;0;-1
0;0;217.217;168.847;0.0549785;10.4126;-1;-1;-1;-1;-1;-1;0;0;0;-1
0;0;220.278;198.269;-0.646846;9.46081;-1;-1;-1;-1;-1;-1;0;0;0;-1
0;0;220.112;218.503;-0.0329087;8.5;-1;-1;-1;-1;-1;-1;0;1;136.08;-1
0;0;218.577;246.024;0.403969;8.60883;-1;-1;-1;-1;-1;-1;0;0;0;-1
0;0;217.993;265.122;0.541053;9.80892;-1;-1;-1;-1;-1;-1;0;0;0;-1
0;0;220.978;287.737;-0.856359;9.6469;-1;-1;-1;-1;-1;-1;0;0;0;-1
0;0;216.689;314.616;0.355773;8.5;-1;-1;-1;-1;-1;-1;0;1;3.5773;-1
0;0;215.577;335.49;-0.248802;8.9507;-1;-1;-1;-1;-1;-1;0;0;0;-1
0;0;236.566;-298.659;-0.448281;8.5;-1;-1;-1;-1;-1;-1;0;1;51.4278;-1
0;0;241.11;-273.021;0.118811;10.1013;-1;-1;-1;-1;-1;-1;0;0;0;-1
0;0;239.959;-251.5;-0.34806;9.63655;-1;-1;-1;-1;-1;-1;0;0;0;-1
0;0;240.436;-228.297;0.433326;10.4035;-1;-1;-1;-1;-1;-1;0;0;0;-1
0;0;237.263;-203.4;-0.21345;8.5;-1;-1;-1;-1;-1;-1;0;1;155.004;-1
0;0;236.791;-180.201;-0.437635;9.17664;-1;-1;-1;-1;-1;-1;0;0;0;-1
0;0;237.819;-150;0.769719;8.99622;-1;-1;-1;-1;-1;-1;0;0;0;-1
0;0;238.635;-131.791;0.0869906;9.86253;-1;-1;-1;-1;-1;-1;0;0;0;-1
0;0;238.06;-105.622;0.162622;9.06238;-1;-1;-1;-1;-1;-1;0;0;0;-1
0;0;238.187;-84.158;0.938882;9.38448;-1;-1;-1;-1;-1;-1;0;0;0;-1
0;0;241.005;-58.2073;0.422846;8.5;-1;-1;-1;-1;-1;-1;0;1;13.3227;-1
0;0;238.205;-37.9148;-0.252658;9.27871;-1;-1;-1;-1;-1;-1;0;0;0;-1
0;0;236.362;-9.87959;0.974845;9.48789;-1;-1;-1;-1;-1;-1;0;0;0;-1
0;0;241.971;12.3034;0.456967;9.93885;-1;-1;-1;-1;-1;-1;0;0;0;-1
0;0;241.128;38.0837;0.455038;9.67829;-1;-1;-1;-1;-1;-1;0;0;0;-1
0;0;236.304;60.2416;-0.824693;10.1008;-1;-1;-1;-1;-1;-1;0;0;0;-1
0;0;239.6;83.3968;0.689691;8.5;-1;-1;-1;-1;-1;-1;0;1;140.755;-1
0;0;239.241;104.822;0.411363;9.6816;-1;-1;-1;-1;-1;-1;0;0;0;-1
0;0;236.875;131.064;0.289847;9.16156;-1;-1;-1;-1;-1;-1;0;0;0;-1
0;0;241.763;157.221;0.7585;10.0521;-1;-1;-1;-1;-1;-1;0;0;0;-1
0;0;236.264;176.56;-0.143309;8.5;-1;-1;-1;-1;-1;-1;0;1;71.7838;-1
0;0;236.223;205.502;0.506811;8.55451;-1;-1;-1;-1;-1;-1;0;0;0;-1
0;0;240.561;224.89;-0.0862035;10.09;-1;-1;-1;-1;-1;-1;0;0;0;-1
0;0;238.538;252.67;0.304828;10.1807;-1;-1;-1;-1;-1;-1;0;0;0;-1
0;0;237.367;277.71;0.660985;8.5;-1;-1;-1;-1;-1;-1;0;1;93.2002;-1
0;0;240.41;297.853;0.637326;10.1815;-1;-1;-1;-1;-1;-1;0;0;0;-1
0;0;261.611;-283.344;-0.543737;8.5;-1;-1;-1;-1;-1;-1;0;1;78.6337;-1
0;0;259.797;-259.14;-0.237309;9.34173;-1;-1;-1;-1;-1;-1;0;0;0;-1
0;0;257.24;-233.888;0.947374;10.2099;-1;-1;-1;-1;-1;-1;0;0;0;-1
0;0;258.517;-209.454;0.695719;8.80644;-1;-1;-1;-1;-1;-1;0;0;0;-1
0;0;261.951;-182.795;-0.945132;8.5;-1;-1;-1;-1;-1;-1;0;1;128.696;-1
0;0;258.086;-162.808;0.60251;9.32552;-1;-1;-1;-1;-1;-1;0;0;0;-1
0;0;261.377;-141.588;0.389434;8.66368;-1;-1;-1;-1;-1;-1;0;0;0;-1
0;0;260.369;-111.611;0.866447;8.5;-1;-1;-1;-1;-1;-1;0;1;75.2594;-1
0;0;257.785;-91.4259;0.918756;8.5;-1;-1;-1;-1;-1;-1;0;1;82.111;-1
0;0;259.856;-64.5965;0.86946;9.09016;-1;-1;-1;-1;-1;-1;0;0;0;-1
0;0;258.476;-39.563;0.773987;8.55154;-1;-1;-1;-1;-1;-1;0;0;0;-1
0;0;262.366;-15.9211;0.865042;9.80366;-1;-1;-1;-1;-1;-1;0;0;0;-1
0;0;262.468;4.25683;0.481807;9.23165;-1;-1;-1;-1;-1;-1;0;0;0;-1
0;0;258.018;27.8985;0.348282;10.1103;-1;-1;-1;-1;-1;-1;0;0;0;-1
0;0;258.666;50.5677;-0.468736;10.1644;-1;-1;-1;-1;-1;-1;0;0;0;-1
0;0;259.887;78.9687;0.717268;10.0811;-1;-1;-1;-1;-1;-1;0;0;0;-1
0;0;258.151;99.1676;-0.118371;10.1883;-1;-1;-1;-1;-1;-1;0;0;0;-1
0;0;259.701;126.249;-0.250189;9.49587;-1;-1;-1;-1;-1;-1;0;0;0;-1
0;0;257.813;145.4;0.633647;8.5;-1;-1;-1;-1;-1;-1;0;1;18.6033;-1
0;0;257.99;170.186;0.301827;9.51643;-1;-1;-1;-1;-1;-1;0;0;0;-1
0;0;260.748;192.312;-0.307848;8.66163;-1;-1;-1;-1;-1;-1;0;0;0;-1
0;0;257.436;215.761;-0.965612;10.1757;-1;-1;-1;-1;-1;-1;0;0;0;-1
0;0;257.853;241.711;-0.925056;8.70422;-1;-1;-1;-1;-1;-1;0;0;0;-1
0;0;258.833;263.386;-0.0657176;8.66287;-1;-1;-1;-1;-1;-1;0;0;0;-1
0;0;256.676;288.979;-0.898655;9.33796;-1;-1;-1;-1;-1;-1;0;0;0;-1
0;0;277.886;-271.757;0.209812;9.4019;-1;-1;-1;-1;-1;-1;0;0;0;-1
0;0;279.099;-248.443;0.283099;8.5;-1;-1;-1;-1;-1;-1;0;1;33.2826;-1
0;0;277.419;-225.704;-0.176825;9.40333;-1;-1;-1;-1;-1;-1;0;0;0;-1
0;0;277.576;-204.019;-0.589057;10.2438;-1;-1;-1;-1;-1;-1;0;0;0;-1
0;0;281.017;-179.346;-0.481455;9.7962;-1;-1;-1;-1;-1;-1;0;0;0;-1
0;0;282.636;-154.218;0.28377;9.93716;-1;-1;-1;-1;-1;-1;0;0;0;-1
0;0;277.784;-132.323;0.732731;8.5813;-1;-1;-1;-1;-1;-1;0;0;0;-1
0;0;277.645;-102.687;-0.498472;9.34468;-1;-1;-1;-1;-1;-1;0;0;0;-1
0;0;278.803;-79.4988;-0.498454;10.0956;-1;-1;-1;-1;-1;-1;0;0;0;-1
0;0;278.209;-61.2223;-0.897029;8.5;-1;-1;-1;-1;-1;-1;0;1;106.112;-1
0;0;283.093;-35.8861;-0.394358;9.01345;-1;-1;-1;-1;-1;-1;0;0;0;-1
0;0;277.278;-12.9287;-0.740875;10.4426;-1;-1;-1;-1;-1;-1;0;0;0;-1
0;0;278.513;13.8294;0.851543;8.95609;-1;-1;-1;-1;-1;-1;0;0;0;-1
0;0;281.03;39.0636;-0.756725;9.89595;-1;-1;-1;-1;-1;-1;0;0;0;-1
0;0;282.336;59.1564;0.0512177;9.59057;-1;-1;-1;-1;-1;-1;0;0;0;-1
0;0;279.903;86.8976;0.0437897;9.12746;-1;-1;-1;-1;-1;-1;0;0;0;-1
0;0;277.487;111.475;0.712198;8.5;-1;-1;-1;-1;-1;-1;0;1;110.871;-1
0;0;281.903;131.231;0.837347;9.27028;-1;-1;-1;-1;-1;-1;0;0;0;-1
0;0;282.296;153.476;0.20845;8.54749;-1;-1;-1;-1;-1;-1;0;0;0;-1
0;0;277.14;180.775;0.550731;9.87487;-1;-1;-1;-1;-1;-1;0;0;0;-1
0;0;280.854;205.479;-0.0925309;9.61268;-1;-1;-1;-1;-1;-1;0;0;0;-1
0;0;278.799;230.597;0.794382;8.5;-1;-1;-1;-1;-1;-1;0;1;35.876;-1
0;0;278.657;248.388;0.249143;9.97083;-1;-1;-1;-1;-1;-1;0;0;0;-1
0;0;280.854;271.993;-0.104801;9.50723;-1;-1;-1;-1;-1;-1;0;0;0;-1
0;0;302.114;-253.64;-0.915456;9.6374;-1;-1;-1;-1;-1;-1;0;0;0;-1
0;0;301.406;-230.166;-0.630327;9.40449;-1;-1;-1;-1;-1;-1;0;0;0;-1
0;0;303.409;-212.086;0.45596;9.12614;-1;-1;-1;-1;-1;-1;0;0;0;-1
0;0;300.918;-187.746;0.124624;9.74714;-1;-1;-1;-1;-1;-1;0;0;0;-1
0;0;298.848;-159.786;0.883803;10.0312;-1;-1;-1;-1;-1;-1;0;0;0;-1
0;0;299.484;-140.086;0.169292;9.06032;-1;-1;-1;-1;-1;-1;0;0;0;-1
0;0;301.457;-113.786;0.225953;9.84263;-1;-1;-1;-1;-1;-1;0;0;0;-1
0;0;300.19;-92.7957;-0.368915;8.5;-1;-1;-1;-1;-1;-1;0;1;150.157;-1
0;0;300.461;-67.2628;-0.00860474;8.5;-1;-1;-1;-1;-1;-1;0;1;2.6442;-1
0;0;303.752;-41.8579;-0.992734;9.50935;-1;-1;-1;-1;-1;-1;0;0;0;-1
0;0;298.829;-22.35;0.549396;10.2159;-1;-1;-1;-1;-1;-1;0;0;0;-1
0;0;300.039;5.66837;-0.470403;10.3181;-1;-1;-1;-1;-1;-1;0;0;0;-1
0;0;297.738;29.0617;-0.528962;9.22541;-1;-1;-1;-1;-1;-1;0;0;0;-1
0;0;298.607;50.2131;0.554511;8.84208;-1;-1;-1;-1;-1;-1;0;0;0;-1
0;0;302.364;79.5185;0.801751;9.78094;-1;-1;-1;-1;-1;-1;0;0;0;-1
0;0;298.932;97.0342;0.727254;9.05432;-1;-1;-1;-1;-1;-1;0;0;0;-1
0;0;299.357;126.477;0.742993;8.91239;-1;-1;-1;-1;-1;-1;0;0;0;-1
0;0;300.084;150.118;-0.495809;9.76366;-1;-1;-1;-1;-1;-1;0;0;0;-1
0;0;301.796;173.844;-0.804631;9.32066;-1;-1;-1;-1;-1;-1;0;0;0;-1
0;0;303.787;194.237;0.763712;9.34215;-1;-1;-1;-1;-1;-1;0;0;0;-1
0;0;298.885;220.201;0.969758;8.5;-1;-1;-1;-1;-1;-1;0;1;129.188;-1
0;0;303.119;242.9;-0.25979;9.52749;-1;-1;-1;-1;-1;-1;0;0;0;-1
0;0;322.375;-225.966;-0.370316;8.72914;-1;-1;-1;-1;-1;-1;0;0;0;-1
0;0;322.074;-199.559;-0.972209;8.75921;-1;-1;-1;-1;-1;-1;0;0;0;-1
0;0;323.302;-178.311;0.746108;10.1007;-1;-1;-1;-1;-1;-1;0;0;0;-1
0;0;320.422;-156.174;-0.497597;9.81526;-1;-1;-1;-1;-1;-1;0;0;0;-1
0;0;321.516;-129.046;-0.87308;8.81904;-1;-1;-1;-1;-1;-1;0;0;0;-1
0;0;319.226;-106.026;-0.33487;9.75773;-1;-1;-1;-1;-1;-1;0;0;0;-1
0;0;322.48;-81.5757;-0.617498;8.50138;-1;-1;-1;-1;-1;-1;0;0;0;-1
0;0;322.758;-57.5848;0.582466;9.38458;-1;-1;-1;-1;-1;-1;0;0;0;-1
0;0;324.35;-35.9842;0.636196;10.0766;-1;-1;-1;-1;-1;-1;0;0;0;-1
0;0;319.69;-12.0069;-0.348093;8.5;-1;-1;-1;-1;-1;-1;0;1;118.6;-1
0;0;320.889;13.2188;0.0513992;10.0501;-1;-1;-1;-1;-1;-1;0;0;0;-1
0;0;319.248;40.3967;0.365958;9.31581;-1;-1;-1;-1;-1;-1;0;0;0;-1
0;0;321.616;60.0859;-0.956644;8.74611;-1;-1;-1;-1;-1;-1;0;0;0;-1
0;0;322.313;86.1448;0.789869;8.98349;-1;-1;-1;-1;-1;-1;0;0;0;-1
0;0;320.294;109.859;0.574663;8.51614;-1;-1;-1;-1;-1;-1;0;0;0;-1
0;0;320.703;130.201;0.170227;10.4048;-1;-1;-1;-1;-1;-1;0;0;0;-1
0;0;320.579;152.771;0.514216;8.79727;-1;-1;-1;-1;-1;-1;0;0;0;-1
0;0;322.413;180.547;-0.7365;10.0695;-1;-1;-1;-1;-1;-1;0;0;0;-1
0;0;319.725;204.548;-0.790271;8.88305;-1;-1;-1;-1;-1;-1;0;0;0;-1
0;0;323.822;224.718;-0.636198;9.46851;-1;-1;-1;-1;-1;-1;0;0;0;-1
0;0;339.226;-183.318;0.899364;8.5;-1;-1;-1;-1;-1;-1;0;1;17.3406;-1
0;0;341.988;-165.02;0.109779;8.76883;-1;-1;-1;-1;-1;-1;0;0;0;-1
0;0;340.928;-138.757;0.817435;8.5;-1;-1;-1;-1;-1;-1;0;1;124.31;-1
0;0;339.778;-113.344;-0.261242;8.82807;-1;-1;-1;-1;-1;-1;0;0;0;-1
0;0;343.451;-89.9561;0.533476;9.02595;-1;-1;-1;-1;-1;-1;0;0;0;-1
0;0;339.694;-65.9985;0.187995;8.68646;-1;-1;-1;-1;-1;-1;0;0;0;-1
0;0;339.308;-42.8355;-0.0260098;9.12443;-1;-1;-1;-1;-1;-1;0;0;0;-1
0;0;339.657;-15.7532;-0.707592;9.57442;-1;-1;-1;-1;-1;-1;0;0;0;-1
0;0;343.736;5.72783;-0.426741;9.71455;-1;-1;-1;-1;-1;-1;0;0;0;-1
0;0;340.744;27.6333;0.91314;9.69624;-1;-1;-1;-1;-1;-1;0;0;0;-1
0;0;339.367;54.4747;0.801814;8.86872;-1;-1;-1;-1;-1;-1;0;0;0;-1
0;0;343.607;77.1659;-0.215144;8.60249;-1;-1;-1;-1;-1;-1;0;0;0;-1
0;0;342.299;99.2766;-0.62494;9.37817;-1;-1;-1;-1;-1;-1;0;0;0;-1
0;0;342.603;120.318;-0.106322;10.2133;-1;-1;-1;-1;-1;-1;0;0;0;-1
0;0;343.055;148.354;0.397639;8.78273;-1;-1;-1;-1;-1;-1;0;0;0;-1
0;0;340.244;171.382;-0.611907;9.27721;-1;-1;-1;-1;-1;-1;0;0;0;-1
0;0;344.284;192.522;-0.756534;8.57036;-1;-1;-1;-1;-1;-1;0;0;0;-1
0;0;363.102;-150.612;-0.65731;10.328;-1;-1;-1;-1;-1;-1;0;0;0;-1
0;0;359.562;-127.588;-0.988586;9.01298;-1;-1;-1;-1;-1;-1;0;0;0;-1
0;0;363.279;-109.299;-0.49831;8.85254;-1;-1;-1;-1;-1;-1;0;0;0;-1
0;0;362.824;-81.2584;-0.022069;9.75197;-1;-1;-1;-1;-1;-1;0;0;0;-1
0;0;362.086;-59.9022;-0.502874;9.4847;-1;-1;-1;-1;-1;-1;0;0;0;-1
0;0;359.558;-37.9561;-0.849917;10.2544;-1;-1;-1;-1;-1;-1;0;0;0;-1
0;0;361.478;-10.1669;-0.548949;8.92023;-1;-1;-1;-1;-1;-1;0;0;0;-1
0;0;365.564;12.2316;0.202093;10.1335;-1;-1;-1;-1;-1;-1;0;0;0;-1
0;0;365.599;33.5368;0.91202;9.48486;-1;-1;-1;-1;-1;-1;0;0;0;-1
0;0;361.118;60.1868;-0.779971;8.55102;-1;-1;-1;-1;-1;-1;0;0;0;-1
0;0;361.212;81.1753;-0.0564881;8.5;-1;-1;-1;-1;-1;-1;0;1;67.6323;-1
0;0;364.867;111.666;-0.690407;8.5;-1;-1;-1;-1;-1;-1;0;1;154.451;-1
0;0;359.857;133.219;0.0198867;8.61271;-1;-1;-1;-1;-1;-1;0;0;0;-1
0;0;364.521;154.219;0.394411;8.5;-1;-1;-1;-1;-1;-1;0;1;35.6959;-1
0;0;383.348;-112.646;-0.43545;9.88552;-1;-1;-1;-1;-1;-1;0;0;0;-1
0;0;381.185;-91.6942;0.634318;8.69602;-1;-1;-1;-1;-1;-1;0;0;0;-1
0;0;383.405;-65.2413;0.373996;9.95412;-1;-1;-1;-1;-1;-1;0;0;0;-1
0;0;384.751;-45.8941;0.667724;8.53296;-1;-1;-1;-1;-1;-1;0;0;0;-1
0;0;384.692;-16.3583;0.262969;10.4158;-1;-1;-1;-1;-1;-1;0;0;0;-1
0;0;380.525;4.36823;-0.632352;8.6834;-1;-1;-1;-1;-1;-1;0;0;0;-1
0;0;381.886;29.5544;0.682956;9.12028;-1;-1;-1;-1;-1;-1;0;0;0;-1
0;0;383.269;52.0062;-0.216191;9.30957;-1;-1;-1;-1;-1;-1;0;0;0;-1
0;0;383.822;75.647;0.680156;9.24022;-1;-1;-1;-1;-1;-1;0;0;0;-1
0;0;385.38;102.388;-0.738697;9.73186;-1;-1;-1;-1;-1;-1;0;0;0;-1
