%% Automatically generated initial file with PhysiCell_CreateInitFile executable
0;0;-50.2691;-8.20379;-85.4162;10.279;-1;-1;-1;-1;-1;-1;0;0;0;-1
0;0;-50.0074;12.8804;-84.6843;10.3272;-1;-1;-1;-1;-1;-1;0;0;0;-1
0;0;-38.2766;-30.3974;-83.9146;8.89103;-1;-1;-1;-1;-1;-1;0;0;0;-1
0;0;-36.6139;-15.8573;-83.6906;9.51837;-1;-1;-1;-1;-1;-1;0;0;0;-1
0;0;-35.7174;0.227122;-87.3993;9.10171;-1;-1;-1;-1;-1;-1;0;0;0;-1
0;0;-35.4076;18.153;-83.5706;8.78427;-1;-1;-1;-1;-1;-1;0;0;0;-1
0;0;-24.2933;-40.8708;-85.3864;10.2989;-1;-1;-1;-1;-1;-1;0;0;0;-1
0;0;-20.2792;-23.5673;-85.2331;8.84611;-1;-1;-1;-1;-1;-1;0;0;0;-1
0;0;-23.4974;-5.62221;-86.2484;9.80349;-1;-1;-1;-1;-1;-1;0;0;0;-1
0;0;-24.1015;8.99187;-85.1156;9.27795;-1;-1;-1;-1;-1;-1;0;0;0;-1
0;0;-22.1551;25.8269;-83.4655;8.5;-1;-1;-1;-1;-1;-1;0;1;5.08754;-1
0;0;-20.7396;45.5613;-84.3687;8.5;-1;-1;-1;-1;-1;-1;0;1;106.599;-1
0;0;-8.39305;-46.5637;-85.8286;8.6899;-1;-1;-1;-1;-1;-1;0;0;0;-1
0;0;-8.62631;-31.2064;-83.2946;9.90487;-1;-1;-1;-1;-1;-1;0;0;0;-1
0;0;-9.47014;-15.8908;-85.3006;8.89862;-1;-1;-1;-1;-1;-1;0;0;0;-1
0;0;-8.23987;3.32653;-83.5102;8.5;-1;-1;-1;-1;-1;-1;0;1;38.5472;-1
0;0;-6.79699;19.9643;-84.7451;9.40435;-1;-1;-1;-1;-1;-1;0;0;0;-1
0;0;-7.88566;36.7897;-85.8282;8.5;-1;-1;-1;-1;-1;-1;0;1;124.695;-1
0;0;5.7034;-41.2372;-84.3191;9.75918;-1;-1;-1;-1;-1;-1;0;0;0;-1
0;0;6.32785;-22.9104;-85.0207;10.279;-1;-1;-1;-1;-1;-1;0;0;0;-1
0;0;6.61461;-8.7542;-84.8031;9.59557;-1;-1;-1;-1;-1;-1;0;0;0;-1
0;0;9.15857;9.03942;-83.9037;9.32767;-1;-1;-1;-1;-1;-1;0;0;0;-1
0;0;7.11107;27.441;-85.0399;8.5;-1;-1;-1;-1;-1;-1;0;1;6.75704;-1
0;0;8.15295;43.9821;-87.2061;9.47313;-1;-1;-1;-1;-1;-1;0;0;0;-1
0;0;22.1241;-30.8185;-84.8919;9.92992;-1;-1;-1;-1;-1;-1;0;0;0;-1
0;0;22.0578;-17.4196;-84.9594;9.68892;-1;-1;-1;-1;-1;-1;0;0;0;-1
0;0;21.269;2.90879;-83.7768;9.63231;-1;-1;-1;-1;-1;-1;0;0;0;-1
0;0;22.0936;19.7738;-83.9935;8.5;-1;-1;-1;-1;-1;-1;0;1;49.2794;-1
0;0;23.4267;37.9152;-83.3838;9.48044;-1;-1;-1;-1;-1;-1;0;0;0;-1
0;0;38.8622;-21.2387;-84.5863;9.81112;-1;-1;-1;-1;-1;-1;0;0;0;-1
0;0;38.6069;-8.27866;-86.1205;9.58623;-1;-1;-1;-1;-1;-1;0;0;0;-1
0;0;34.9842;8.95349;-85.0703;9.05456;-1;-1;-1;-1;-1;-1;0;0;0;-1
0;0;37.8546;26.5745;-85.4067;9.83006;-1;-1;-1;-1;-1;-1;0;0;0;-1
0;0;-68.4422;-13.2589;-68.4958;8.5;-1;-1;-1;-1;-1;-1;0;1;155.537;-1
0;0;-56.4952;-39.5064;-68.5621;9.64605;-1;-1;-1;-1;-1;-1;0;0;0;-1
0;0;-54.6803;-24.0657;-72.5625;9.80695;-1;-1;-1;-1;-1;-1;0;0;0;-1
0;0;-56.9302;-5.53634;-71.468;10.0879;-1;-1;-1;-1;-1;-1;0;0;0;-1
0;0;-56.3708;10.0213;-72.7321;8.61517;-1;-1;-1;-1;-1;-1;0;0;0;-1
0;0;-55.4673;28.1737;-71.4915;9.11956;-1;-1;-1;-1;-1;-1;0;0;0;-1
0;0;-40.2547;-48.49;-70.3299;10.3083;-1;-1;-1;-1;-1;-1;0;0;0;-1
0;0;-39.8194;-29.4807;-69.305;10.08;-1;-1;-1;-1;-1;-1;0;0;0;-1
0;0;-41.5731;-13.9899;-69.8364;9.56665;-1;-1;-1;-1;-1;-1;0;0;0;-1
0;0;-41.1294;2.64122;-70.2653;8.9158;-1;-1;-1;-1;-1;-1;0;0;0;-1
0;0;-42.6068;19.1715;-68.4663;9.22517;-1;-1;-1;-1;-1;-1;0;0;0;-1
0;0;-41.6603;35.3725;-69.0264;9.80474;-1;-1;-1;-1;-1;-1;0;0;0;-1
0;0;-40.2653;53.9136;-69.9318;9.64699;-1;-1;-1;-1;-1;-1;0;0;0;-1
0;0;-26.0359;-59.4858;-72.3957;8.79722;-1;-1;-1;-1;-1;-1;0;0;0;-1
0;0;-26.0987;-39.4438;-70.5103;8.68442;-1;-1;-1;-1;-1;-1;0;0;0;-1
0;0;-25.429;-25.7128;-72.4916;9.38199;-1;-1;-1;-1;-1;-1;0;0;0;-1
0;0;-28.3961;-7.93692;-71.3023;8.67358;-1;-1;-1;-1;-1;-1;0;0;0;-1
0;0;-26.8134;8.83013;-68.4061;9.73669;-1;-1;-1;-1;-1;-1;0;0;0;-1
0;0;-24.768;29.0135;-69.5346;8.80934;-1;-1;-1;-1;-1;-1;0;0;0;-1
0;0;-25.5582;43.4188;-72.1635;9.22525;-1;-1;-1;-1;-1;-1;0;0;0;-1
0;0;-25.1341;61.6994;-69.632;9.44549;-1;-1;-1;-1;-1;-1;0;0;0;-1
0;0;-13.06;-64.0586;-69.0562;10.408;-1;-1;-1;-1;-1;-1;0;0;0;-1
0;0;-12.558;-47.5398;-71.1051;8.5;-1;-1;-1;-1;-1;-1;0;1;1.34725;-1
0;0;-11.2913;-34.1574;-70.6705;10.3016;-1;-1;-1;-1;-1;-1;0;0;0;-1
0;0;-9.46891;-16.8541;-70.6236;8.5932;-1;-1;-1;-1;-1;-1;0;0;0;-1
0;0;-13.2358;3.74066;-70.8418;9.04311;-1;-1;-1;-1;-1;-1;0;0;0;-1
0;0;-13.7864;18.3491;-69.454;9.92812;-1;-1;-1;-1;-1;-1;0;0;0;-1
0;0;-10.9912;34.3984;-71.6833;8.5;-1;-1;-1;-1;-1;-1;0;1;51.084;-1
0;0;-10.5512;54.956;-70.4832;8.5;-1;-1;-1;-1;-1;-1;0;1;67.4811;-1
0;0;2.55601;-59.6801;-72.5349;8.5;-1;-1;-1;-1;-1;-1;0;1;29.5227;-1
0;0;2.52092;-39.1946;-72.3647;8.50284;-1;-1;-1;-1;-1;-1;0;0;0;-1
0;0;4.81293;-22.5667;-72.7002;9.40478;-1;-1;-1;-1;-1;-1;0;0;0;-1
0;0;4.99219;-7.3169;-68.7283;8.71438;-1;-1;-1;-1;-1;-1;0;0;0;-1
0;0;4.20838;9.95895;-69.7186;9.56246;-1;-1;-1;-1;-1;-1;0;0;0;-1
0;0;2.191;29.8217;-71.0718;8.5;-1;-1;-1;-1;-1;-1;0;1;4.46759;-1
0;0;3.54953;45.3785;-70.232;8.82049;-1;-1;-1;-1;-1;-1;0;0;0;-1
0;0;2.8343;59.0499;-71.7167;8.5;-1;-1;-1;-1;-1;-1;0;1;90.6307;-1
0;0;18.2648;-66.4144;-69.2507;8.65245;-1;-1;-1;-1;-1;-1;0;0;0;-1
0;0;18.4163;-50.566;-69.6197;9.77422;-1;-1;-1;-1;-1;-1;0;0;0;-1
0;0;16.0107;-30.4097;-72.4301;9.17249;-1;-1;-1;-1;-1;-1;0;0;0;-1
0;0;19.5874;-16.1326;-71.7129;8.84777;-1;-1;-1;-1;-1;-1;0;0;0;-1
0;0;16.9538;3.02927;-69.6395;8.97899;-1;-1;-1;-1;-1;-1;0;0;0;-1
0;0;19.782;18.9462;-71.3007;9.40203;-1;-1;-1;-1;-1;-1;0;0;0;-1
0;0;16.6587;35.1069;-72.5732;10.2074;-1;-1;-1;-1;-1;-1;0;0;0;-1
0;0;17.3513;53.5425;-72.5237;10.0893;-1;-1;-1;-1;-1;-1;0;0;0;-1
0;0;32.4647;-58.7815;-72.456;9.82278;-1;-1;-1;-1;-1;-1;0;0;0;-1
0;0;33.9353;-39.1134;-69.5727;8.5;-1;-1;-1;-1;-1;-1;0;1;89.1808;-1
0;0;33.8366;-21.9979;-72.6056;10.1878;-1;-1;-1;-1;-1;-1;0;0;0;-1
0;0;32.6587;-6.54348;-70.6174;8.5;-1;-1;-1;-1;-1;-1;0;1;85.8337;-1
0;0;34.16;9.13003;-68.74;9.95112;-1;-1;-1;-1;-1;-1;0;0;0;-1
0;0;32.9354;27.127;-72.7589;8.52884;-1;-1;-1;-1;-1;-1;0;0;0;-1
0;0;31.2917;43.0506;-68.4409;9.90379;-1;-1;-1;-1;-1;-1;0;0;0;-1
0;0;46.4294;-49.1734;-70.2095;9.6291;-1;-1;-1;-1;-1;-1;0;0;0;-1
0;0;49.2205;-33.3875;-70.6926;9.03612;-1;-1;-1;-1;-1;-1;0;0;0;-1
0;0;47.2623;-12.4724;-72.2636;9.1466;-1;-1;-1;-1;-1;-1;0;0;0;-1
0;0;45.6952;1.88084;-72.5754;8.5;-1;-1;-1;-1;-1;-1;0;1;156.705;-1
0;0;48.3026;19.5583;-68.4252;8.64235;-1;-1;-1;-1;-1;-1;0;0;0;-1
0;0;46.6358;34.9415;-71.4728;9.4119;-1;-1;-1;-1;-1;-1;0;0;0;-1
0;0;46.9242;51.6281;-70.4095;9.87889;-1;-1;-1;-1;-1;-1;0;0;0;-1
0;0;60.5879;-23.9179;-70.9637;9.16913;-1;-1;-1;-1;-1;-1;0;0;0;-1
0;0;60.2497;-4.16386;-69.6295;9.64437;-1;-1;-1;-1;-1;-1;0;0;0;-1
0;0;61.4025;9.81388;-70.906;8.79693;-1;-1;-1;-1;-1;-1;0;0;0;-1
0;0;63.5886;29.0406;-70.611;9.63905;-1;-1;-1;-1;-1;-1;0;0;0;-1
0;0;-80.1753;-4.48271;-54.9833;9.72694;-1;-1;-1;-1;-1;-1;0;0;0;-1
0;0;-79.9846;9.31306;-54.6058;10.1761;-1;-1;-1;-1;-1;-1;0;0;0;-1
0;0;-66.3023;-49.8552;-54.3049;9.56718;-1;-1;-1;-1;-1;-1;0;0;0;-1
0;0;-65.8475;-32.6099;-54.1415;8.76412;-1;-1;-1;-1;-1;-1;0;0;0;-1
0;0;-65.6073;-15.5873;-55.7312;8.5;-1;-1;-1;-1;-1;-1;0;1;19.5737;-1
0;0;-64.2909;0.784677;-54.4215;8.85665;-1;-1;-1;-1;-1;-1;0;0;0;-1
0;0;-64.2131;19.1422;-57.6805;8.5;-1;-1;-1;-1;-1;-1;0;1;20.5913;-1
0;0;-65.2764;33.975;-55.0413;8.68743;-1;-1;-1;-1;-1;-1;0;0;0;-1
0;0;-52.5335;-59.6632;-55.0762;8.80517;-1;-1;-1;-1;-1;-1;0;0;0;-1
0;0;-51.3856;-38.1598;-56.4146;8.94053;-1;-1;-1;-1;-1;-1;0;0;0;-1
0;0;-51.5132;-25.793;-55.6192;8.69314;-1;-1;-1;-1;-1;-1;0;0;0;-1
0;0;-49.5416;-6.38203;-54.6424;10.067;-1;-1;-1;-1;-1;-1;0;0;0;-1
0;0;-51.7761;12.3986;-56.2545;8.78882;-1;-1;-1;-1;-1;-1;0;0;0;-1
0;0;-50.1506;28.5099;-55.8387;10.1241;-1;-1;-1;-1;-1;-1;0;0;0;-1
0;0;-50.0867;44.4104;-55.7047;8.5;-1;-1;-1;-1;-1;-1;0;1;19.8763;-1
0;0;-49.954;61.0954;-55.5913;9.88295;-1;-1;-1;-1;-1;-1;0;0;0;-1
0;0;-35.075;-64.4403;-55.4478;9.60846;-1;-1;-1;-1;-1;-1;0;0;0;-1
0;0;-36.9685;-50.2721;-55.7344;8.5;-1;-1;-1;-1;-1;-1;0;1;107.223;-1
0;0;-37.4812;-32.3567;-56.2973;9.62015;-1;-1;-1;-1;-1;-1;0;0;0;-1
0;0;-36.842;-15.9032;-55.3977;8.61203;-1;-1;-1;-1;-1;-1;0;0;0;-1
0;0;-36.0253;4.51853;-54.11;10.0952;-1;-1;-1;-1;-1;-1;0;0;0;-1
0;0;-38.752;17.5203;-55.1469;10.4264;-1;-1;-1;-1;-1;-1;0;0;0;-1
0;0;-37.9214;37.3556;-56.2476;8.69779;-1;-1;-1;-1;-1;-1;0;0;0;-1
0;0;-36.5434;52.0981;-54.2867;9.71955;-1;-1;-1;-1;-1;-1;0;0;0;-1
0;0;-35.6399;70.8258;-53.8521;8.66889;-1;-1;-1;-1;-1;-1;0;0;0;-1
0;0;-20.1364;-73.3239;-54.6007;8.5;-1;-1;-1;-1;-1;-1;0;1;39.4649;-1
0;0;-20.2567;-57.6842;-55.4069;9.36624;-1;-1;-1;-1;-1;-1;0;0;0;-1
0;0;-23.2153;-41.0593;-57.0438;8.5;-1;-1;-1;-1;-1;-1;0;1;79.5967;-1
0;0;-22.8112;-24.7465;-54.9816;9.09857;-1;-1;-1;-1;-1;-1;0;0;0;-1
0;0;-22.2492;-3.96241;-54.3234;8.82982;-1;-1;-1;-1;-1;-1;0;0;0;-1
0;0;-22.6335;8.54396;-57.7761;9.91686;-1;-1;-1;-1;-1;-1;0;0;0;-1
0;0;-23.3587;25.7769;-56.4694;10.2526;-1;-1;-1;-1;-1;-1;0;0;0;-1
0;0;-22.1477;43.9439;-55.8855;9.89947;-1;-1;-1;-1;-1;-1;0;0;0;-1
0;0;-22.7149;59.9766;-53.9101;8.5;-1;-1;-1;-1;-1;-1;0;1;82.2571;-1
0;0;-19.9628;79.6678;-56.6411;10.208;-1;-1;-1;-1;-1;-1;0;0;0;-1
0;0;-8.60656;-80.8362;-54.2841;8.5;-1;-1;-1;-1;-1;-1;0;1;35.6912;-1
0;0;-8.22899;-64.1302;-53.9349;8.5;-1;-1;-1;-1;-1;-1;0;1;103.127;-1
0;0;-5.37267;-46.5135;-56.9517;8.58151;-1;-1;-1;-1;-1;-1;0;0;0;-1
0;0;-8.79708;-33.8335;-57.7373;8.89968;-1;-1;-1;-1;-1;-1;0;0;0;-1
0;0;-5.97565;-16.8517;-57.7506;9.19418;-1;-1;-1;-1;-1;-1;0;0;0;-1
0;0;-7.41903;0.248691;-54.2087;8.5;-1;-1;-1;-1;-1;-1;0;1;1.95687;-1
0;0;-5.3652;17.847;-57.4017;10.3197;-1;-1;-1;-1;-1;-1;0;0;0;-1
0;0;-9.38814;35.6043;-57.1805;8.5;-1;-1;-1;-1;-1;-1;0;1;95.5207;-1
0;0;-9.58958;54.7285;-55.2183;9.12523;-1;-1;-1;-1;-1;-1;0;0;0;-1
0;0;-7.93696;71.2974;-56.971;10.3581;-1;-1;-1;-1;-1;-1;0;0;0;-1
0;0;5.53512;-74.4032;-54.5736;9.80725;-1;-1;-1;-1;-1;-1;0;0;0;-1
0;0;8.00386;-55.4876;-57.7755;8.5;-1;-1;-1;-1;-1;-1;0;1;28.6216;-1
0;0;7.99721;-42.3908;-57.2395;9.20401;-1;-1;-1;-1;-1;-1;0;0;0;-1
0;0;7.1218;-25.0383;-53.7443;8.53131;-1;-1;-1;-1;-1;-1;0;0;0;-1
0;0;8.5956;-8.75194;-55.6702;9.28477;-1;-1;-1;-1;-1;-1;0;0;0;-1
0;0;6.50799;12.4586;-56.0121;8.5748;-1;-1;-1;-1;-1;-1;0;0;0;-1
0;0;8.75474;29.8523;-56.3757;9.58338;-1;-1;-1;-1;-1;-1;0;0;0;-1
0;0;6.1827;42.2381;-56.1279;9.55179;-1;-1;-1;-1;-1;-1;0;0;0;-1
0;0;5.4614;60.3247;-55.6852;8.5;-1;-1;-1;-1;-1;-1;0;1;98.8389;-1
0;0;5.90938;76.7891;-57.1298;9.97223;-1;-1;-1;-1;-1;-1;0;0;0;-1
0;0;21.4158;-64.9918;-55.3829;8.82598;-1;-1;-1;-1;-1;-1;0;0;0;-1
0;0;23.6485;-46.9414;-53.9486;9.76457;-1;-1;-1;-1;-1;-1;0;0;0;-1
0;0;22.7452;-33.1662;-57.3992;9.34617;-1;-1;-1;-1;-1;-1;0;0;0;-1
0;0;23.2792;-14.7745;-56.9527;8.5;-1;-1;-1;-1;-1;-1;0;1;28.0102;-1
0;0;21.8452;0.0481367;-55.7085;9.13227;-1;-1;-1;-1;-1;-1;0;0;0;-1
0;0;20.1481;17.5376;-57.7788;9.86593;-1;-1;-1;-1;-1;-1;0;0;0;-1
0;0;20.3583;35.9104;-54.3389;9.29526;-1;-1;-1;-1;-1;-1;0;0;0;-1
0;0;24.1473;53.1134;-57.5271;9.28458;-1;-1;-1;-1;-1;-1;0;0;0;-1
0;0;22.8258;68.7887;-55.6797;10.4501;-1;-1;-1;-1;-1;-1;0;0;0;-1
0;0;35.9618;-57.8697;-57.3015;9.49375;-1;-1;-1;-1;-1;-1;0;0;0;-1
0;0;36.6078;-38.5947;-55.5441;8.52401;-1;-1;-1;-1;-1;-1;0;0;0;-1
0;0;36.6783;-25.2705;-54.4989;9.95601;-1;-1;-1;-1;-1;-1;0;0;0;-1
0;0;35.5661;-4.67554;-56.8262;8.5;-1;-1;-1;-1;-1;-1;0;1;88.7909;-1
0;0;37.914;9.18423;-57.7161;9.42598;-1;-1;-1;-1;-1;-1;0;0;0;-1
0;0;36.0899;25.6307;-56.7726;8.6294;-1;-1;-1;-1;-1;-1;0;0;0;-1
0;0;34.9429;43.911;-56.9383;8.95609;-1;-1;-1;-1;-1;-1;0;0;0;-1
0;0;37.8611;60.466;-57.54;8.90321;-1;-1;-1;-1;-1;-1;0;0;0;-1
0;0;49.4656;-67.2969;-53.9331;9.76238;-1;-1;-1;-1;-1;-1;0;0;0;-1
0;0;51.9009;-46.8168;-56.3411;9.57468;-1;-1;-1;-1;-1;-1;0;0;0;-1
0;0;50.4675;-33.7327;-57.3802;9.82752;-1;-1;-1;-1;-1;-1;0;0;0;-1
0;0;50.4324;-13.5296;-56.1474;9.69867;-1;-1;-1;-1;-1;-1;0;0;0;-1
0;0;53.6285;2.41593;-54.8551;9.20097;-1;-1;-1;-1;-1;-1;0;0;0;-1
0;0;50.94;18.5204;-56.4399;9.42469;-1;-1;-1;-1;-1;-1;0;0;0;-1
0;0;53.1822;36.5871;-55.9454;10.1489;-1;-1;-1;-1;-1;-1;0;0;0;-1
0;0;50.4743;51.311;-54.0886;9.19;-1;-1;-1;-1;-1;-1;0;0;0;-1
0;0;66.5435;-42.7211;-57.1913;9.7774;-1;-1;-1;-1;-1;-1;0;0;0;-1
0;0;67.2346;-25.1843;-56.9017;9.56406;-1;-1;-1;-1;-1;-1;0;0;0;-1
0;0;65.6722;-6.36745;-53.8215;9.76983;-1;-1;-1;-1;-1;-1;0;0;0;-1
0;0;65.7851;9.9157;-54.0441;9.34252;-1;-1;-1;-1;-1;-1;0;0;0;-1
0;0;66.3285;25.6193;-56.9554;9.71894;-1;-1;-1;-1;-1;-1;0;0;0;-1
0;0;65.6718;42.9689;-54.9573;9.17594;-1;-1;-1;-1;-1;-1;0;0;0;-1
0;0;78.7406;4.18089;-56.8223;8.5;-1;-1;-1;-1;-1;-1;0;1;147.07;-1
0;0;80.0102;16.6984;-56.0725;8.84;-1;-1;-1;-1;-1;-1;0;0;0;-1
0;0;-85.9561;-25.0593;-42.8066;8.5;-1;-1;-1;-1;-1;-1;0;1;84.868;-1
0;0;-83.3981;-5.87183;-40.8235;10.3219;-1;-1;-1;-1;-1;-1;0;0;0;-1
0;0;-85.9272;12.5314;-42.0121;9.73958;-1;-1;-1;-1;-1;-1;0;0;0;-1
0;0;-83.4133;29.6271;-41.6316;8.78367;-1;-1;-1;-1;-1;-1;0;0;0;-1
0;0;-69.2251;-49.3883;-41.5442;8.5;-1;-1;-1;-1;-1;-1;0;1;60.0932;-1
0;0;-70.0649;-30.1719;-40.3236;8.5;-1;-1;-1;-1;-1;-1;0;1;138.92;-1
0;0;-68.6434;-17.4638;-42.0786;10.438;-1;-1;-1;-1;-1;-1;0;0;0;-1
0;0;-71.8127;2.99082;-40.3035;9.71417;-1;-1;-1;-1;-1;-1;0;0;0;-1
0;0;-69.1449;18.9578;-39.1873;8.5;-1;-1;-1;-1;-1;-1;0;1;161.126;-1
0;0;-69.4674;34.5016;-42.0296;9.53429;-1;-1;-1;-1;-1;-1;0;0;0;-1
0;0;-69.695;55.3878;-41.4059;10.4295;-1;-1;-1;-1;-1;-1;0;0;0;-1
0;0;-54.5323;-72.9665;-40.6121;8.6282;-1;-1;-1;-1;-1;-1;0;0;0;-1
0;0;-54.654;-55.1777;-43.2987;9.21638;-1;-1;-1;-1;-1;-1;0;0;0;-1
0;0;-55.678;-39.1048;-43.2283;9.30654;-1;-1;-1;-1;-1;-1;0;0;0;-1
0;0;-57.5976;-21.3434;-41.2927;10.3278;-1;-1;-1;-1;-1;-1;0;0;0;-1
0;0;-56.5408;-7.15939;-41.009;8.70761;-1;-1;-1;-1;-1;-1;0;0;0;-1
0;0;-54.556;12.7818;-43.0313;9.16637;-1;-1;-1;-1;-1;-1;0;0;0;-1
0;0;-53.7625;29.877;-42.499;9.21078;-1;-1;-1;-1;-1;-1;0;0;0;-1
0;0;-54.163;43.559;-39.6107;9.89746;-1;-1;-1;-1;-1;-1;0;0;0;-1
0;0;-57.511;61.2544;-41.1191;8.60588;-1;-1;-1;-1;-1;-1;0;0;0;-1
0;0;-41.6199;-67.5333;-43.3095;9.66207;-1;-1;-1;-1;-1;-1;0;0;0;-1
0;0;-40.9797;-47.1174;-41.567;9.50006;-1;-1;-1;-1;-1;-1;0;0;0;-1
0;0;-41.617;-30.7665;-42.8386;9.07179;-1;-1;-1;-1;-1;-1;0;0;0;-1
0;0;-41.8851;-14.4261;-39.9628;9.14647;-1;-1;-1;-1;-1;-1;0;0;0;-1
0;0;-39.2413;0.511723;-40.042;8.89741;-1;-1;-1;-1;-1;-1;0;0;0;-1
0;0;-41.0646;16.5694;-39.7505;9.44819;-1;-1;-1;-1;-1;-1;0;0;0;-1
0;0;-41.0369;37.1554;-42.2128;8.99983;-1;-1;-1;-1;-1;-1;0;0;0;-1
0;0;-40.7459;51.3629;-42.9164;8.86324;-1;-1;-1;-1;-1;-1;0;0;0;-1
0;0;-39.3846;68.9413;-40.4447;8.5;-1;-1;-1;-1;-1;-1;0;1;121.465;-1
0;0;-25.6849;-73.5908;-42.3523;8.97048;-1;-1;-1;-1;-1;-1;0;0;0;-1
0;0;-27.3008;-59.7831;-42.5632;8.85009;-1;-1;-1;-1;-1;-1;0;0;0;-1
0;0;-25.8683;-42.3889;-40.9917;9.77332;-1;-1;-1;-1;-1;-1;0;0;0;-1
0;0;-27.2496;-22.7652;-42.0069;10.2081;-1;-1;-1;-1;-1;-1;0;0;0;-1
0;0;-25.8897;-7.59518;-38.9912;10.4181;-1;-1;-1;-1;-1;-1;0;0;0;-1
0;0;-26.7872;9.74607;-38.9765;9.28002;-1;-1;-1;-1;-1;-1;0;0;0;-1
0;0;-24.6184;27.4403;-43.0672;9.32829;-1;-1;-1;-1;-1;-1;0;0;0;-1
0;0;-24.3465;45.0713;-41.8769;10.2995;-1;-1;-1;-1;-1;-1;0;0;0;-1
0;0;-28.1029;60.4098;-41.5195;9.93191;-1;-1;-1;-1;-1;-1;0;0;0;-1
0;0;-24.3134;79.3034;-42.24;8.64257;-1;-1;-1;-1;-1;-1;0;0;0;-1
0;0;-11.7762;-82.6716;-42.4198;8.73879;-1;-1;-1;-1;-1;-1;0;0;0;-1
0;0;-10.0925;-65.1494;-41.9274;8.5;-1;-1;-1;-1;-1;-1;0;1;20.866;-1
0;0;-11.1209;-48.7692;-40.0994;10.1713;-1;-1;-1;-1;-1;-1;0;0;0;-1
0;0;-11.6361;-33.3771;-40.482;8.5;-1;-1;-1;-1;-1;-1;0;1;12.9801;-1
0;0;-12.8317;-12.5687;-40.4587;9.81738;-1;-1;-1;-1;-1;-1;0;0;0;-1
0;0;-12.5165;1.52123;-42.2958;10.438;-1;-1;-1;-1;-1;-1;0;0;0;-1
0;0;-11.3872;21.2681;-41.1993;9.5447;-1;-1;-1;-1;-1;-1;0;0;0;-1
0;0;-11.8159;33.9237;-41.3751;10.1078;-1;-1;-1;-1;-1;-1;0;0;0;-1
0;0;-9.93505;54.0689;-41.5247;10.2126;-1;-1;-1;-1;-1;-1;0;0;0;-1
0;0;-12.7447;70.3807;-40.5178;8.5;-1;-1;-1;-1;-1;-1;0;1;117.993;-1
0;0;-12.0193;88.1108;-40.2344;9.10283;-1;-1;-1;-1;-1;-1;0;0;0;-1
0;0;1.59847;-90.3564;-39.3043;10.115;-1;-1;-1;-1;-1;-1;0;0;0;-1
0;0;3.05078;-72.0923;-39.5823;9.60991;-1;-1;-1;-1;-1;-1;0;0;0;-1
0;0;4.32705;-58.9558;-43.0563;9.25177;-1;-1;-1;-1;-1;-1;0;0;0;-1
0;0;3.75103;-40.4007;-40.5474;8.69034;-1;-1;-1;-1;-1;-1;0;0;0;-1
0;0;4.67852;-21.0732;-39.2389;8.63411;-1;-1;-1;-1;-1;-1;0;0;0;-1
0;0;1.82799;-6.18071;-39.859;9.97663;-1;-1;-1;-1;-1;-1;0;0;0;-1
0;0;5.23941;9.60663;-41.0409;9.67667;-1;-1;-1;-1;-1;-1;0;0;0;-1
0;0;4.30314;25.898;-40.1649;8.5;-1;-1;-1;-1;-1;-1;0;1;121.214;-1
0;0;1.72522;42.5597;-41.7378;10.0547;-1;-1;-1;-1;-1;-1;0;0;0;-1
0;0;4.71834;63.2675;-41.3486;8.86492;-1;-1;-1;-1;-1;-1;0;0;0;-1
0;0;0.972122;80.1325;-42.8679;8.5;-1;-1;-1;-1;-1;-1;0;1;90.6476;-1
0;0;17.3008;-83.1409;-39.3193;10.0457;-1;-1;-1;-1;-1;-1;0;0;0;-1
0;0;17.4093;-64.8206;-42.4693;8.75516;-1;-1;-1;-1;-1;-1;0;0;0;-1
0;0;15.9564;-48.6164;-43.0731;10.1684;-1;-1;-1;-1;-1;-1;0;0;0;-1
0;0;17.6066;-30.2273;-40.8411;8.73609;-1;-1;-1;-1;-1;-1;0;0;0;-1
0;0;16.0811;-14.8369;-39.2051;9.01918;-1;-1;-1;-1;-1;-1;0;0;0;-1
0;0;17.8129;-0.00633052;-42.1648;9.32031;-1;-1;-1;-1;-1;-1;0;0;0;-1
0;0;18.4512;19.3777;-43.2479;8.89391;-1;-1;-1;-1;-1;-1;0;0;0;-1
0;0;17.8233;35.224;-40.0997;8.63514;-1;-1;-1;-1;-1;-1;0;0;0;-1
0;0;17.5128;54.5525;-42.8162;8.51934;-1;-1;-1;-1;-1;-1;0;0;0;-1
0;0;16.3115;70.9658;-39.0347;10.1336;-1;-1;-1;-1;-1;-1;0;0;0;-1
0;0;16.5961;84.8161;-39.5601;8.81172;-1;-1;-1;-1;-1;-1;0;0;0;-1
0;0;31.4382;-72.0356;-42.6312;10.0749;-1;-1;-1;-1;-1;-1;0;0;0;-1
0;0;32.4158;-58.2194;-41.3365;10.0011;-1;-1;-1;-1;-1;-1;0;0;0;-1
0;0;31.5573;-40.3644;-41.923;8.5;-1;-1;-1;-1;-1;-1;0;1;45.724;-1
0;0;31.655;-24.5029;-41.1905;9.5172;-1;-1;-1;-1;-1;-1;0;0;0;-1
0;0;34.1328;-7.88223;-42.6189;8.57706;-1;-1;-1;-1;-1;-1;0;0;0;-1
0;0;31.5038;9.93062;-40.7277;9.34434;-1;-1;-1;-1;-1;-1;0;0;0;-1
0;0;31.8837;28.2401;-42.2312;9.61246;-1;-1;-1;-1;-1;-1;0;0;0;-1
0;0;32.7142;45.2876;-40.9275;8.5;-1;-1;-1;-1;-1;-1;0;1;111.037;-1
0;0;34.4779;61.6905;-40.0332;10.1049;-1;-1;-1;-1;-1;-1;0;0;0;-1
0;0;34.2578;78.5309;-42.1819;10.444;-1;-1;-1;-1;-1;-1;0;0;0;-1
0;0;48.8292;-68.1533;-41.7232;10.1061;-1;-1;-1;-1;-1;-1;0;0;0;-1
0;0;45.1713;-50.406;-43.2359;10.2554;-1;-1;-1;-1;-1;-1;0;0;0;-1
0;0;46.5238;-31.3097;-41.9919;8.8918;-1;-1;-1;-1;-1;-1;0;0;0;-1
0;0;47.9666;-14.9067;-38.9676;9.7376;-1;-1;-1;-1;-1;-1;0;0;0;-1
0;0;49.0663;2.94845;-39.9984;9.46307;-1;-1;-1;-1;-1;-1;0;0;0;-1
0;0;48.182;21.2597;-42.3115;8.85822;-1;-1;-1;-1;-1;-1;0;0;0;-1
0;0;48.4076;38.2107;-40.5584;10.1795;-1;-1;-1;-1;-1;-1;0;0;0;-1
0;0;47.9963;52.8585;-42.738;9.54093;-1;-1;-1;-1;-1;-1;0;0;0;-1
0;0;48.8282;68.1618;-42.4977;8.5;-1;-1;-1;-1;-1;-1;0;1;59.2039;-1
0;0;61.8782;-59.2128;-43.0243;9.52888;-1;-1;-1;-1;-1;-1;0;0;0;-1
0;0;62.796;-38.1646;-38.9394;8.76438;-1;-1;-1;-1;-1;-1;0;0;0;-1
0;0;63.02;-24.6361;-42.405;9.47162;-1;-1;-1;-1;-1;-1;0;0;0;-1
0;0;61.8735;-6.37848;-38.925;9.18056;-1;-1;-1;-1;-1;-1;0;0;0;-1
0;0;59.8669;10.411;-41.3365;9.20411;-1;-1;-1;-1;-1;-1;0;0;0;-1
0;0;60.3146;29.0201;-42.9391;10.3483;-1;-1;-1;-1;-1;-1;0;0;0;-1
0;0;62.1183;46.5493;-42.6421;10.4289;-1;-1;-1;-1;-1;-1;0;0;0;-1
0;0;61.9005;63.285;-39.4702;8.7536;-1;-1;-1;-1;-1;-1;0;0;0;-1
0;0;75.0813;-34.1403;-40.9866;9.82225;-1;-1;-1;-1;-1;-1;0;0;0;-1
0;0;78.1089;-14.8211;-42.6915;9.35075;-1;-1;-1;-1;-1;-1;0;0;0;-1
0;0;77.3278;1.41571;-39.0264;9.69435;-1;-1;-1;-1;-1;-1;0;0;0;-1
0;0;75.7889;20.5093;-41.0975;9.22966;-1;-1;-1;-1;-1;-1;0;0;0;-1
0;0;77.0446;33.7564;-39.7073;9.41892;-1;-1;-1;-1;-1;-1;0;0;0;-1
0;0;90.2541;-9.01286;-39.4016;8.80159;-1;-1;-1;-1;-1;-1;0;0;0;-1
0;0;89.3765;10.745;-42.5961;9.35296;-1;-1;-1;-1;-1;-1;0;0;0;-1
0;0;-80.2627;-40.8958;-24.5732;9.63138;-1;-1;-1;-1;-1;-1;0;0;0;-1
0;0;-81.8167;-24.7893;-28.1265;8.62265;-1;-1;-1;-1;-1;-1;0;0;0;-1
0;0;-80.9647;-5.71589;-25.3648;9.19883;-1;-1;-1;-1;-1;-1;0;0;0;-1
0;0;-81.8522;10.5497;-25.0642;9.08157;-1;-1;-1;-1;-1;-1;0;0;0;-1
0;0;-81.3837;29.9375;-26.3912;9.36041;-1;-1;-1;-1;-1;-1;0;0;0;-1
0;0;-81.94;44.0679;-25.8892;9.55949;-1;-1;-1;-1;-1;-1;0;0;0;-1
0;0;-65.7948;-67.2761;-25.2308;8.69291;-1;-1;-1;-1;-1;-1;0;0;0;-1
0;0;-67.5529;-50.9011;-24.502;9.44171;-1;-1;-1;-1;-1;-1;0;0;0;-1
0;0;-65.2462;-31.1965;-26.2765;8.91156;-1;-1;-1;-1;-1;-1;0;0;0;-1
0;0;-64.3498;-16.9472;-26.2237;8.5;-1;-1;-1;-1;-1;-1;0;1;124.833;-1
0;0;-66.4225;0.749836;-26.2103;9.36136;-1;-1;-1;-1;-1;-1;0;0;0;-1
0;0;-66.8888;21.0445;-25.9181;9.34105;-1;-1;-1;-1;-1;-1;0;0;0;-1
0;0;-67.959;36.9875;-26.4554;8.5;-1;-1;-1;-1;-1;-1;0;1;17.9466;-1
0;0;-65.553;54.8365;-25.4554;10.0931;-1;-1;-1;-1;-1;-1;0;0;0;-1
0;0;-64.2406;71.5237;-25.3293;9.13063;-1;-1;-1;-1;-1;-1;0;0;0;-1
0;0;-52.5531;-72.2701;-24.5192;9.36436;-1;-1;-1;-1;-1;-1;0;0;0;-1
0;0;-49.7485;-58.1846;-27.9726;9.03583;-1;-1;-1;-1;-1;-1;0;0;0;-1
0;0;-52.7736;-42.1949;-24.34;8.5;-1;-1;-1;-1;-1;-1;0;1;140.765;-1
0;0;-50.0673;-21.3265;-25.7022;8.61461;-1;-1;-1;-1;-1;-1;0;0;0;-1
0;0;-50.5953;-6.21354;-27.9208;9.85088;-1;-1;-1;-1;-1;-1;0;0;0;-1
0;0;-50.1353;8.62229;-26.5902;9.23511;-1;-1;-1;-1;-1;-1;0;0;0;-1
0;0;-49.9092;26.3368;-25.3194;9.01245;-1;-1;-1;-1;-1;-1;0;0;0;-1
0;0;-49.8229;46.4607;-25.6623;8.5;-1;-1;-1;-1;-1;-1;0;1;81.2026;-1
0;0;-52.8618;62.9171;-24.2886;9.67979;-1;-1;-1;-1;-1;-1;0;0;0;-1
0;0;-51.4246;76.0775;-27.8956;8.55784;-1;-1;-1;-1;-1;-1;0;0;0;-1
0;0;-36.4338;-81.6218;-26.6007;9.83749;-1;-1;-1;-1;-1;-1;0;0;0;-1
0;0;-35.8592;-67.6587;-27.7473;9.1483;-1;-1;-1;-1;-1;-1;0;0;0;-1
0;0;-37.716;-50.8121;-26.6843;9.9207;-1;-1;-1;-1;-1;-1;0;0;0;-1
0;0;-38.0095;-30.9929;-24.2345;9.36781;-1;-1;-1;-1;-1;-1;0;0;0;-1
0;0;-38.1735;-17.3613;-28.5408;10.0975;-1;-1;-1;-1;-1;-1;0;0;0;-1
0;0;-35.3366;1.596;-24.4028;9.35675;-1;-1;-1;-1;-1;-1;0;0;0;-1
0;0;-36.3766;16.8089;-28.3883;9.67381;-1;-1;-1;-1;-1;-1;0;0;0;-1
0;0;-34.7445;37.3543;-24.4401;9.87711;-1;-1;-1;-1;-1;-1;0;0;0;-1
0;0;-34.8445;55.0415;-25.0125;10.4535;-1;-1;-1;-1;-1;-1;0;0;0;-1
0;0;-36.586;68.3201;-28.0977;8.81627;-1;-1;-1;-1;-1;-1;0;0;0;-1
0;0;-36.8686;86.6353;-28.3537;8.59482;-1;-1;-1;-1;-1;-1;0;0;0;-1
0;0;-24.2585;-91.1749;-25;8.5;-1;-1;-1;-1;-1;-1;0;1;73.2032;-1
0;0;-21.025;-72.6005;-24.2216;10.1186;-1;-1;-1;-1;-1;-1;0;0;0;-1
0;0;-24.2133;-56.0864;-26.3832;9.75917;-1;-1;-1;-1;-1;-1;0;0;0;-1
0;0;-20.8171;-42.6944;-26.9117;9.32807;-1;-1;-1;-1;-1;-1;0;0;0;-1
0;0;-23.4919;-22.4636;-27.039;8.5;-1;-1;-1;-1;-1;-1;0;1;3.59848;-1
0;0;-24.2555;-8.02087;-26.7774;9.19165;-1;-1;-1;-1;-1;-1;0;0;0;-1
0;0;-23.3661;9.85803;-27.4839;10.2091;-1;-1;-1;-1;-1;-1;0;0;0;-1
0;0;-20.9154;25.1885;-25.9616;9.85472;-1;-1;-1;-1;-1;-1;0;0;0;-1
0;0;-22.1787;42.496;-26.9872;9.99415;-1;-1;-1;-1;-1;-1;0;0;0;-1
0;0;-24.2349;61.1541;-27.412;8.61448;-1;-1;-1;-1;-1;-1;0;0;0;-1
0;0;-20.5938;80.5262;-25.6029;8.82016;-1;-1;-1;-1;-1;-1;0;0;0;-1
0;0;-6.34946;-84.3414;-27.0939;8.67007;-1;-1;-1;-1;-1;-1;0;0;0;-1
0;0;-6.76105;-67.2388;-24.5392;8.65638;-1;-1;-1;-1;-1;-1;0;0;0;-1
0;0;-7.36358;-48.3656;-27.8255;8.96609;-1;-1;-1;-1;-1;-1;0;0;0;-1
0;0;-6.77228;-33.5057;-25.9894;8.94036;-1;-1;-1;-1;-1;-1;0;0;0;-1
0;0;-6.93382;-13.499;-26.2312;8.5;-1;-1;-1;-1;-1;-1;0;1;69.6834;-1
0;0;-6.68835;3.45899;-25.1286;9.88298;-1;-1;-1;-1;-1;-1;0;0;0;-1
0;0;-8.07681;18.6179;-26.6892;9.07965;-1;-1;-1;-1;-1;-1;0;0;0;-1
0;0;-5.50179;34.8072;-28.0139;8.76199;-1;-1;-1;-1;-1;-1;0;0;0;-1
0;0;-7.73566;53.7213;-25.6697;9.65311;-1;-1;-1;-1;-1;-1;0;0;0;-1
0;0;-9.49758;69.5965;-27.3432;8.82386;-1;-1;-1;-1;-1;-1;0;0;0;-1
0;0;-8.52644;87.8805;-24.5108;10.0587;-1;-1;-1;-1;-1;-1;0;0;0;-1
0;0;9.00028;-93.4957;-28.4969;9.46822;-1;-1;-1;-1;-1;-1;0;0;0;-1
0;0;8.24372;-76.6963;-27.9554;9.82031;-1;-1;-1;-1;-1;-1;0;0;0;-1
0;0;7.92076;-59.6845;-24.3918;8.5;-1;-1;-1;-1;-1;-1;0;1;90.4483;-1
0;0;7.01287;-42.3261;-28.4594;8.5;-1;-1;-1;-1;-1;-1;0;1;70.8141;-1
0;0;9.1968;-22.2275;-24.9005;9.417;-1;-1;-1;-1;-1;-1;0;0;0;-1
0;0;8.07667;-5.46481;-27.4265;8.5;-1;-1;-1;-1;-1;-1;0;1;36.66;-1
0;0;7.90749;9.6622;-26.2439;10.2922;-1;-1;-1;-1;-1;-1;0;0;0;-1
0;0;7.19754;24.9773;-27.3323;10.2094;-1;-1;-1;-1;-1;-1;0;0;0;-1
0;0;7.10039;42.485;-27.7363;9.95246;-1;-1;-1;-1;-1;-1;0;0;0;-1
0;0;8.25936;60.6155;-28.568;8.5;-1;-1;-1;-1;-1;-1;0;1;129.56;-1
0;0;7.98606;76.5182;-27.3179;8.58086;-1;-1;-1;-1;-1;-1;0;0;0;-1
0;0;21.4594;-83.98;-24.9981;10.1272;-1;-1;-1;-1;-1;-1;0;0;0;-1
0;0;20.9558;-63.9375;-24.9993;9.96683;-1;-1;-1;-1;-1;-1;0;0;0;-1
0;0;22.7168;-46.7467;-27.4896;9.55503;-1;-1;-1;-1;-1;-1;0;0;0;-1
0;0;23.9372;-30.2698;-25.6485;10.3805;-1;-1;-1;-1;-1;-1;0;0;0;-1
0;0;23.374;-15.7114;-28.2861;9.85646;-1;-1;-1;-1;-1;-1;0;0;0;-1
0;0;23.2421;0.510312;-24.4456;9.02363;-1;-1;-1;-1;-1;-1;0;0;0;-1
0;0;23.5601;17.3353;-25.1768;9.05717;-1;-1;-1;-1;-1;-1;0;0;0;-1
0;0;23.1657;33.6304;-27.7932;10.1414;-1;-1;-1;-1;-1;-1;0;0;0;-1
0;0;23.6571;55.0965;-26.498;8.5;-1;-1;-1;-1;-1;-1;0;1;134.594;-1
0;0;21.9068;72.1081;-24.7438;8.5;-1;-1;-1;-1;-1;-1;0;1;21.8653;-1
0;0;22.8115;87.4878;-27.0531;10.0447;-1;-1;-1;-1;-1;-1;0;0;0;-1
0;0;37.2125;-75.4405;-26.0377;8.5;-1;-1;-1;-1;-1;-1;0;1;61.5806;-1
0;0;38.6537;-57.0664;-28.3487;8.85508;-1;-1;-1;-1;-1;-1;0;0;0;-1
0;0;35.2875;-37.9753;-27.8743;9.45106;-1;-1;-1;-1;-1;-1;0;0;0;-1
0;0;35.798;-21.2198;-28.0737;9.7912;-1;-1;-1;-1;-1;-1;0;0;0;-1
0;0;37.9914;-4.49019;-27.2165;10.4387;-1;-1;-1;-1;-1;-1;0;0;0;-1
0;0;38.2616;11.5561;-26.9396;8.5;-1;-1;-1;-1;-1;-1;0;1;67.6636;-1
0;0;35.1088;26.9758;-25.5514;8.6471;-1;-1;-1;-1;-1;-1;0;0;0;-1
0;0;34.8206;44.912;-25.0859;8.51357;-1;-1;-1;-1;-1;-1;0;0;0;-1
0;0;36.4788;60.8822;-27.6788;9.69314;-1;-1;-1;-1;-1;-1;0;0;0;-1
0;0;35.1969;76.5687;-28.1762;8.5;-1;-1;-1;-1;-1;-1;0;1;88.0331;-1
0;0;52.2226;-81.3161;-24.4055;9.83419;-1;-1;-1;-1;-1;-1;0;0;0;-1
0;0;51.9627;-65.5416;-27.9242;9.60334;-1;-1;-1;-1;-1;-1;0;0;0;-1
0;0;51.3017;-48.9525;-27.7052;8.5;-1;-1;-1;-1;-1;-1;0;1;134.513;-1
0;0;52.7768;-32.3693;-26.5057;10.0079;-1;-1;-1;-1;-1;-1;0;0;0;-1
0;0;52.3311;-13.6885;-27.5042;8.5;-1;-1;-1;-1;-1;-1;0;1;69.3704;-1
0;0;51.701;1.75742;-25.1689;8.58484;-1;-1;-1;-1;-1;-1;0;0;0;-1
0;0;51.3337;19.6215;-24.2132;9.79221;-1;-1;-1;-1;-1;-1;0;0;0;-1
0;0;52.2571;36.5659;-27.7286;9.79496;-1;-1;-1;-1;-1;-1;0;0;0;-1
0;0;50.8296;53.588;-24.8342;8.5;-1;-1;-1;-1;-1;-1;0;1;66.7808;-1
0;0;51.5128;71.43;-26.6849;8.5;-1;-1;-1;-1;-1;-1;0;1;43.2584;-1
0;0;66.3833;-55.9346;-28.2533;8.5;-1;-1;-1;-1;-1;-1;0;1;129.954;-1
0;0;66.1393;-39.3331;-24.6702;9.25539;-1;-1;-1;-1;-1;-1;0;0;0;-1
0;0;67.7633;-23.5286;-25.612;8.5;-1;-1;-1;-1;-1;-1;0;1;117.786;-1
0;0;66.2925;-6.11411;-26.3724;9.26879;-1;-1;-1;-1;-1;-1;0;0;0;-1
0;0;65.0751;10.1679;-25.3033;9.20936;-1;-1;-1;-1;-1;-1;0;0;0;-1
0;0;67.7374;28.9341;-24.8229;9.45388;-1;-1;-1;-1;-1;-1;0;0;0;-1
0;0;66.5907;42.4789;-28.1358;8.98547;-1;-1;-1;-1;-1;-1;0;0;0;-1
0;0;64.0909;62.0955;-24.5884;8.5;-1;-1;-1;-1;-1;-1;0;1;4.18499;-1
0;0;79.7282;-47.4602;-27.7466;8.5;-1;-1;-1;-1;-1;-1;0;1;121.468;-1
0;0;81.5796;-29.5654;-26.0847;9.04894;-1;-1;-1;-1;-1;-1;0;0;0;-1
0;0;80.1461;-14.0031;-27.2724;9.72635;-1;-1;-1;-1;-1;-1;0;0;0;-1
0;0;80.4907;4.03213;-26.6167;9.07184;-1;-1;-1;-1;-1;-1;0;0;0;-1
0;0;80.6491;17.881;-26.9024;8.9414;-1;-1;-1;-1;-1;-1;0;0;0;-1
0;0;80.3262;35.0887;-26.5003;8.5;-1;-1;-1;-1;-1;-1;0;1;135.425;-1
0;0;93.8279;-4.28735;-27.3378;9.04223;-1;-1;-1;-1;-1;-1;0;0;0;-1
0;0;-87.4038;-39.534;-11.1904;8.88721;-1;-1;-1;-1;-1;-1;0;0;0;-1
0;0;-83.5726;-23.5878;-11.7876;8.5;-1;-1;-1;-1;-1;-1;0;1;69.0045;-1
0;0;-83.1097;-5.6572;-10.698;9.29574;-1;-1;-1;-1;-1;-1;0;0;0;-1
0;0;-87.1898;10.2029;-10.829;10.0034;-1;-1;-1;-1;-1;-1;0;0;0;-1
0;0;-85.8768;26.3543;-11.2449;10.1129;-1;-1;-1;-1;-1;-1;0;0;0;-1
0;0;-85.1549;42.7541;-10.5296;9.91556;-1;-1;-1;-1;-1;-1;0;0;0;-1
0;0;-68.5847;-64.4537;-10.356;9.27512;-1;-1;-1;-1;-1;-1;0;0;0;-1
0;0;-71.2181;-51.5284;-13.1415;9.76224;-1;-1;-1;-1;-1;-1;0;0;0;-1
0;0;-70.3619;-31.3082;-11.6083;10.087;-1;-1;-1;-1;-1;-1;0;0;0;-1
0;0;-72.3581;-16.0711;-12.9737;10.2653;-1;-1;-1;-1;-1;-1;0;0;0;-1
0;0;-71.0994;4.26414;-12.9462;8.5;-1;-1;-1;-1;-1;-1;0;1;20.0351;-1
0;0;-72.3445;18.7104;-12.1024;9.72181;-1;-1;-1;-1;-1;-1;0;0;0;-1
0;0;-69.3058;37.6965;-10.1663;8.8849;-1;-1;-1;-1;-1;-1;0;0;0;-1
0;0;-70.0396;51.6028;-9.7681;9.33925;-1;-1;-1;-1;-1;-1;0;0;0;-1
0;0;-70.3639;69.5966;-11.0644;8.5;-1;-1;-1;-1;-1;-1;0;1;0.757432;-1
0;0;-55.1274;-73.4847;-11.9846;8.5;-1;-1;-1;-1;-1;-1;0;1;69.9845;-1
0;0;-54.2567;-56.6865;-10.2831;9.56136;-1;-1;-1;-1;-1;-1;0;0;0;-1
0;0;-57.3996;-38.9148;-10.6902;9.64772;-1;-1;-1;-1;-1;-1;0;0;0;-1
0;0;-54.3903;-21.2975;-13.1524;9.27811;-1;-1;-1;-1;-1;-1;0;0;0;-1
0;0;-56.8758;-8.74205;-12.6835;9.45357;-1;-1;-1;-1;-1;-1;0;0;0;-1
0;0;-57.4515;10.3329;-11.0947;8.5;-1;-1;-1;-1;-1;-1;0;1;91.6249;-1
0;0;-56.9099;25.8247;-11.1958;10.0553;-1;-1;-1;-1;-1;-1;0;0;0;-1
0;0;-55.017;46.5846;-12.2882;8.5;-1;-1;-1;-1;-1;-1;0;1;13.3219;-1
0;0;-57.4927;60.0727;-12.6358;9.71475;-1;-1;-1;-1;-1;-1;0;0;0;-1
0;0;-55.3475;80.5861;-10.6283;8.93345;-1;-1;-1;-1;-1;-1;0;0;0;-1
0;0;-42.3283;-85.0763;-9.68385;8.5;-1;-1;-1;-1;-1;-1;0;1;158.186;-1
0;0;-40.5433;-65.4124;-11.3945;10.24;-1;-1;-1;-1;-1;-1;0;0;0;-1
0;0;-39.5088;-49.0157;-13.8356;9.1749;-1;-1;-1;-1;-1;-1;0;0;0;-1
0;0;-39.3165;-32.3903;-11.4307;9.56114;-1;-1;-1;-1;-1;-1;0;0;0;-1
0;0;-39.4723;-12.5737;-11.0976;8.5;-1;-1;-1;-1;-1;-1;0;1;58.5146;-1
0;0;-40.5373;0.535087;-11.6728;8.94896;-1;-1;-1;-1;-1;-1;0;0;0;-1
0;0;-40.3292;21.2669;-13.4172;8.66767;-1;-1;-1;-1;-1;-1;0;0;0;-1
0;0;-41.0512;37.4112;-11.9209;8.91127;-1;-1;-1;-1;-1;-1;0;0;0;-1
0;0;-40.0861;50.9205;-13.6823;9.6689;-1;-1;-1;-1;-1;-1;0;0;0;-1
0;0;-42.9793;70.8058;-12.2453;8.5;-1;-1;-1;-1;-1;-1;0;1;2.56854;-1
0;0;-39.5484;87.7215;-9.74015;8.56498;-1;-1;-1;-1;-1;-1;0;0;0;-1
0;0;-25.2721;-92.5959;-12.8113;9.82953;-1;-1;-1;-1;-1;-1;0;0;0;-1
0;0;-27.8881;-73.2715;-10.1542;8.5;-1;-1;-1;-1;-1;-1;0;1;75.2672;-1
0;0;-28.3046;-58.7097;-12.1439;8.76021;-1;-1;-1;-1;-1;-1;0;0;0;-1
0;0;-25.2612;-41.8725;-13.7594;8.5;-1;-1;-1;-1;-1;-1;0;1;88.2254;-1
0;0;-26.982;-22.7398;-10.3824;8.79788;-1;-1;-1;-1;-1;-1;0;0;0;-1
0;0;-25.0103;-6.68832;-13.5488;8.5;-1;-1;-1;-1;-1;-1;0;1;157.188;-1
0;0;-27.114;9.3423;-10.7223;10.2002;-1;-1;-1;-1;-1;-1;0;0;0;-1
0;0;-27.6599;29.1831;-10.9234;8.87439;-1;-1;-1;-1;-1;-1;0;0;0;-1
0;0;-26.9392;46.7703;-13.4672;8.78764;-1;-1;-1;-1;-1;-1;0;0;0;-1
0;0;-24.7887;61.6932;-12.8191;9.26392;-1;-1;-1;-1;-1;-1;0;0;0;-1
0;0;-27.2841;78.8653;-11.4987;9.06703;-1;-1;-1;-1;-1;-1;0;0;0;-1
0;0;-24.5554;95.3994;-12.2125;9.35481;-1;-1;-1;-1;-1;-1;0;0;0;-1
0;0;-13.8088;-80.5773;-9.78086;8.5;-1;-1;-1;-1;-1;-1;0;1;119.908;-1
0;0;-12.2763;-65.4262;-12.9724;8.88666;-1;-1;-1;-1;-1;-1;0;0;0;-1
0;0;-12.7238;-47.8561;-13.7783;10.4174;-1;-1;-1;-1;-1;-1;0;0;0;-1
0;0;-13.0033;-34.43;-13.0916;9.82643;-1;-1;-1;-1;-1;-1;0;0;0;-1
0;0;-11.4065;-14.7301;-12.7911;10.4492;-1;-1;-1;-1;-1;-1;0;0;0;-1
0;0;-13.8038;3.91598;-12.0487;9.82138;-1;-1;-1;-1;-1;-1;0;0;0;-1
0;0;-12.649;21.5438;-13.0145;8.5;-1;-1;-1;-1;-1;-1;0;1;119.838;-1
0;0;-12.7987;34.6413;-13.0221;10.3658;-1;-1;-1;-1;-1;-1;0;0;0;-1
0;0;-13.5773;51.1572;-11.6113;8.63722;-1;-1;-1;-1;-1;-1;0;0;0;-1
0;0;-11.4899;67.6656;-12.1689;10.0033;-1;-1;-1;-1;-1;-1;0;0;0;-1
0;0;-11.998;87.0955;-11.8953;10.0471;-1;-1;-1;-1;-1;-1;0;0;0;-1
0;0;4.07262;-93.6811;-11.3892;10.3502;-1;-1;-1;-1;-1;-1;0;0;0;-1
0;0;5.15141;-76.8063;-9.88017;9.0131;-1;-1;-1;-1;-1;-1;0;0;0;-1
0;0;3.87832;-56.4142;-13.1542;9.38986;-1;-1;-1;-1;-1;-1;0;0;0;-1
0;0;1.70828;-39.0684;-10.9376;10.0787;-1;-1;-1;-1;-1;-1;0;0;0;-1
0;0;5.21161;-22.1574;-11.6271;8.5337;-1;-1;-1;-1;-1;-1;0;0;0;-1
0;0;5.23165;-4.10889;-10.8024;9.72534;-1;-1;-1;-1;-1;-1;0;0;0;-1
0;0;4.29907;8.43673;-13.0728;8.96249;-1;-1;-1;-1;-1;-1;0;0;0;-1
0;0;1.51552;28.7913;-10.5406;9.52839;-1;-1;-1;-1;-1;-1;0;0;0;-1
0;0;1.00283;44.6752;-10.4209;10.4217;-1;-1;-1;-1;-1;-1;0;0;0;-1
0;0;3.39203;63.7234;-11.0589;9.95629;-1;-1;-1;-1;-1;-1;0;0;0;-1
0;0;4.30316;79.8808;-11.4933;10.4094;-1;-1;-1;-1;-1;-1;0;0;0;-1
0;0;4.83958;94.7933;-10.711;9.39555;-1;-1;-1;-1;-1;-1;0;0;0;-1
0;0;16.9261;-85.1503;-11.4203;10.1671;-1;-1;-1;-1;-1;-1;0;0;0;-1
0;0;16.2232;-68.0231;-11.1593;8.89461;-1;-1;-1;-1;-1;-1;0;0;0;-1
0;0;17.596;-49.9707;-9.66402;8.6175;-1;-1;-1;-1;-1;-1;0;0;0;-1
0;0;19.8019;-30.2835;-12.6161;8.5;-1;-1;-1;-1;-1;-1;0;1;2.77491;-1
0;0;17.049;-15.8409;-9.52289;9.6921;-1;-1;-1;-1;-1;-1;0;0;0;-1
0;0;16.7235;-0.241612;-10.8483;9.89203;-1;-1;-1;-1;-1;-1;0;0;0;-1
0;0;16.3481;19.7936;-12.286;10.0549;-1;-1;-1;-1;-1;-1;0;0;0;-1
0;0;16.2289;34.1282;-11.982;8.90585;-1;-1;-1;-1;-1;-1;0;0;0;-1
0;0;17.8925;52.255;-11.3844;9.50052;-1;-1;-1;-1;-1;-1;0;0;0;-1
0;0;18.9895;71.3759;-13.6689;8.5;-1;-1;-1;-1;-1;-1;0;1;52.5318;-1
0;0;16.3265;89.4715;-11.6236;9.86077;-1;-1;-1;-1;-1;-1;0;0;0;-1
0;0;33.0273;-74.148;-10.9935;9.50592;-1;-1;-1;-1;-1;-1;0;0;0;-1
0;0;31.7286;-56.2791;-13.1691;8.74196;-1;-1;-1;-1;-1;-1;0;0;0;-1
0;0;32.0814;-40.546;-12.9711;9.29538;-1;-1;-1;-1;-1;-1;0;0;0;-1
0;0;31.3095;-25.1211;-12.1333;8.5;-1;-1;-1;-1;-1;-1;0;1;59.7168;-1
0;0;34.1883;-8.64676;-11.3276;8.89896;-1;-1;-1;-1;-1;-1;0;0;0;-1
0;0;30.5723;9.80892;-11.7006;9.94807;-1;-1;-1;-1;-1;-1;0;0;0;-1
0;0;33.5825;25.8238;-10.8989;8.5;-1;-1;-1;-1;-1;-1;0;1;9.90172;-1
0;0;32.0504;43.2694;-9.76619;9.5003;-1;-1;-1;-1;-1;-1;0;0;0;-1
0;0;31.2508;61.0664;-9.96961;9.48232;-1;-1;-1;-1;-1;-1;0;0;0;-1
0;0;32.5435;80.5103;-11.1633;8.5;-1;-1;-1;-1;-1;-1;0;1;49.5089;-1
0;0;45.1525;-83.7448;-13.7744;9.36033;-1;-1;-1;-1;-1;-1;0;0;0;-1
0;0;48.8664;-65.1188;-12.0852;8.5;-1;-1;-1;-1;-1;-1;0;1;50.6617;-1
0;0;49.3519;-50.0618;-12.8561;9.70449;-1;-1;-1;-1;-1;-1;0;0;0;-1
0;0;49.1591;-29.876;-12.7441;8.83859;-1;-1;-1;-1;-1;-1;0;0;0;-1
0;0;45.6502;-16.0907;-9.66739;9.23082;-1;-1;-1;-1;-1;-1;0;0;0;-1
0;0;49.2866;1.8518;-10.8979;10.2116;-1;-1;-1;-1;-1;-1;0;0;0;-1
0;0;48.2073;21.0353;-13.5472;9.02707;-1;-1;-1;-1;-1;-1;0;0;0;-1
0;0;48.6749;36.414;-10.9325;8.954;-1;-1;-1;-1;-1;-1;0;0;0;-1
0;0;48.156;54.9085;-12.9807;9.43019;-1;-1;-1;-1;-1;-1;0;0;0;-1
0;0;46.8998;68.3937;-11.4165;10.3531;-1;-1;-1;-1;-1;-1;0;0;0;-1
0;0;62.8471;-55.7047;-10.3617;9.63455;-1;-1;-1;-1;-1;-1;0;0;0;-1
0;0;63.0947;-40.608;-10.6531;10.0296;-1;-1;-1;-1;-1;-1;0;0;0;-1
0;0;61.8502;-25.3992;-12.0799;8.52946;-1;-1;-1;-1;-1;-1;0;0;0;-1
0;0;60.6013;-4.75852;-12.6989;8.5;-1;-1;-1;-1;-1;-1;0;1;15.7515;-1
0;0;63.8869;11.1002;-13.5116;9.89793;-1;-1;-1;-1;-1;-1;0;0;0;-1
0;0;59.8534;28.1963;-11.4457;8.80616;-1;-1;-1;-1;-1;-1;0;0;0;-1
0;0;63.3286;44.5782;-12.6626;9.17521;-1;-1;-1;-1;-1;-1;0;0;0;-1
0;0;63.0669;60.2207;-12.1056;10.0975;-1;-1;-1;-1;-1;-1;0;0;0;-1
0;0;60.5575;76.1217;-10.4941;9.72889;-1;-1;-1;-1;-1;-1;0;0;0;-1
0;0;77.692;-47.255;-10.8236;8.75364;-1;-1;-1;-1;-1;-1;0;0;0;-1
0;0;75.8704;-30.8773;-11.6836;9.92021;-1;-1;-1;-1;-1;-1;0;0;0;-1
0;0;76.9096;-15.6191;-11.755;9.1214;-1;-1;-1;-1;-1;-1;0;0;0;-1
0;0;75.4461;4.45023;-13.6436;10.0006;-1;-1;-1;-1;-1;-1;0;0;0;-1
0;0;76.5654;19.4503;-13.1376;9.04885;-1;-1;-1;-1;-1;-1;0;0;0;-1
0;0;78.2434;38.2697;-12.1733;9.22643;-1;-1;-1;-1;-1;-1;0;0;0;-1
0;0;75.948;53.5476;-11.0554;9.62376;-1;-1;-1;-1;-1;-1;0;0;0;-1
0;0;92.1026;-23.1182;-11.5694;9.13478;-1;-1;-1;-1;-1;-1;0;0;0;-1
0;0;91.6212;-6.33879;-9.53204;9.916;-1;-1;-1;-1;-1;-1;0;0;0;-1
0;0;89.7451;12.9001;-12.0344;9.04867;-1;-1;-1;-1;-1;-1;0;0;0;-1
0;0;91.2954;27.0677;-13.3033;8.76266;-1;-1;-1;-1;-1;-1;0;0;0;-1
0;0;-95.7203;-14.4827;2.28033;10.0229;-1;-1;-1;-1;-1;-1;0;0;0;-1
0;0;-94.797;-0.470348;1.85967;9.87469;-1;-1;-1;-1;-1;-1;0;0;0;-1
0;0;-95.1746;18.5611;1.2142;10.4419;-1;-1;-1;-1;-1;-1;0;0;0;-1
0;0;-79.3025;-40.5221;3.1835;9.30813;-1;-1;-1;-1;-1;-1;0;0;0;-1
0;0;-80.1126;-21.5069;1.03961;9.48169;-1;-1;-1;-1;-1;-1;0;0;0;-1
0;0;-78.8454;-8.45472;4.59496;9.29028;-1;-1;-1;-1;-1;-1;0;0;0;-1
0;0;-82.215;10.906;3.1378;9.28073;-1;-1;-1;-1;-1;-1;0;0;0;-1
0;0;-80.533;29.3197;4.59144;8.5;-1;-1;-1;-1;-1;-1;0;1;143.68;-1
0;0;-79.8838;45.7252;3.43793;8.67208;-1;-1;-1;-1;-1;-1;0;0;0;-1
0;0;-66.8918;-66.6859;4.57068;8.60123;-1;-1;-1;-1;-1;-1;0;0;0;-1
0;0;-65.7693;-48.0373;1.20469;8.66218;-1;-1;-1;-1;-1;-1;0;0;0;-1
0;0;-64.319;-30.3117;2.52546;8.5;-1;-1;-1;-1;-1;-1;0;1;34.6988;-1
0;0;-66.0853;-13.5115;2.96372;9.32223;-1;-1;-1;-1;-1;-1;0;0;0;-1
0;0;-68.4766;4.35324;2.2101;9.09804;-1;-1;-1;-1;-1;-1;0;0;0;-1
0;0;-66.8274;21.0412;3.14655;8.5;-1;-1;-1;-1;-1;-1;0;1;124.952;-1
0;0;-67.5371;33.6779;4.93247;8.55058;-1;-1;-1;-1;-1;-1;0;0;0;-1
0;0;-64.553;52.7134;3.88819;8.77178;-1;-1;-1;-1;-1;-1;0;0;0;-1
0;0;-67.6843;70.8537;4.68416;10.0206;-1;-1;-1;-1;-1;-1;0;0;0;-1
0;0;-50.7603;-76.0925;4.82127;8.5;-1;-1;-1;-1;-1;-1;0;1;30.0589;-1
0;0;-53.6643;-58.5399;3.12676;9.55883;-1;-1;-1;-1;-1;-1;0;0;0;-1
0;0;-53.5584;-39.7804;3.93898;8.5;-1;-1;-1;-1;-1;-1;0;1;124.501;-1
0;0;-51.7335;-24.472;1.26138;8.5;-1;-1;-1;-1;-1;-1;0;1;111.259;-1
0;0;-50.7259;-8.94047;4.39159;8.6636;-1;-1;-1;-1;-1;-1;0;0;0;-1
0;0;-50.9604;8.71321;2.36268;10.1514;-1;-1;-1;-1;-1;-1;0;0;0;-1
0;0;-52.4464;29.0141;2.94913;10.1177;-1;-1;-1;-1;-1;-1;0;0;0;-1
0;0;-51.3339;44.3129;2.76635;8.5;-1;-1;-1;-1;-1;-1;0;1;63.3033;-1
0;0;-51.6159;61.0106;2.89862;8.5;-1;-1;-1;-1;-1;-1;0;1;14.6064;-1
0;0;-51.6482;80.5218;2.36438;9.74777;-1;-1;-1;-1;-1;-1;0;0;0;-1
0;0;-35.1497;-84.9441;1.75496;9.74656;-1;-1;-1;-1;-1;-1;0;0;0;-1
0;0;-35.6667;-63.7983;3.2167;9.85955;-1;-1;-1;-1;-1;-1;0;0;0;-1
0;0;-35.6883;-50.1223;4.1531;10.2891;-1;-1;-1;-1;-1;-1;0;0;0;-1
0;0;-38.3859;-33.4174;2.3561;9.41858;-1;-1;-1;-1;-1;-1;0;0;0;-1
0;0;-36.8912;-12.6316;1.7774;8.57571;-1;-1;-1;-1;-1;-1;0;0;0;-1
0;0;-38.729;0.301002;2.58761;9.7285;-1;-1;-1;-1;-1;-1;0;0;0;-1
0;0;-36.9566;20.6828;5.24195;9.77594;-1;-1;-1;-1;-1;-1;0;0;0;-1
0;0;-38.6681;37.8335;4.27994;10.2806;-1;-1;-1;-1;-1;-1;0;0;0;-1
0;0;-36.8229;52.3111;4.72169;9.69464;-1;-1;-1;-1;-1;-1;0;0;0;-1
0;0;-35.3201;72.1163;3.51181;8.55208;-1;-1;-1;-1;-1;-1;0;0;0;-1
0;0;-37.5165;85.1295;2.07724;8.5;-1;-1;-1;-1;-1;-1;0;1;117.265;-1
0;0;-22.2937;-93.3513;2.52058;8.76344;-1;-1;-1;-1;-1;-1;0;0;0;-1
0;0;-21.2023;-71.9871;0.873022;8.5;-1;-1;-1;-1;-1;-1;0;1;136.787;-1
0;0;-22.385;-55.3316;1.70226;10.1671;-1;-1;-1;-1;-1;-1;0;0;0;-1
0;0;-20.9061;-42.9703;3.08698;8.5;-1;-1;-1;-1;-1;-1;0;1;160.262;-1
0;0;-21.7147;-23.8034;1.13556;8.9156;-1;-1;-1;-1;-1;-1;0;0;0;-1
0;0;-19.9538;-7.49332;4.99813;9.88107;-1;-1;-1;-1;-1;-1;0;0;0;-1
0;0;-23.3235;12.3159;3.56059;9.97373;-1;-1;-1;-1;-1;-1;0;0;0;-1
0;0;-21.1159;25.3447;4.72739;10.0338;-1;-1;-1;-1;-1;-1;0;0;0;-1
0;0;-23.8824;42.8733;5.20118;8.84726;-1;-1;-1;-1;-1;-1;0;0;0;-1
0;0;-23.8316;62.3254;1.4997;8.50972;-1;-1;-1;-1;-1;-1;0;0;0;-1
0;0;-22.3312;77.833;3.04449;9.58872;-1;-1;-1;-1;-1;-1;0;0;0;-1
0;0;-21.7203;94.6932;1.49433;10.2005;-1;-1;-1;-1;-1;-1;0;0;0;-1
0;0;-7.64189;-97.4991;4.14167;10.2192;-1;-1;-1;-1;-1;-1;0;0;0;-1
0;0;-9.55007;-84.4518;2.94277;10.0355;-1;-1;-1;-1;-1;-1;0;0;0;-1
0;0;-5.762;-67.4865;2.61715;8.75593;-1;-1;-1;-1;-1;-1;0;0;0;-1
0;0;-6.4861;-49.8065;4.96466;10.1631;-1;-1;-1;-1;-1;-1;0;0;0;-1
0;0;-7.85685;-30.1264;4.41029;8.5;-1;-1;-1;-1;-1;-1;0;1;40.7136;-1
0;0;-7.57963;-15.1561;2.70248;10.0399;-1;-1;-1;-1;-1;-1;0;0;0;-1
0;0;-8.363;1.4314;3.21383;8.82472;-1;-1;-1;-1;-1;-1;0;0;0;-1
0;0;-8.26307;17.3311;1.02689;9.65563;-1;-1;-1;-1;-1;-1;0;0;0;-1
0;0;-5.39321;34.8699;4.00641;9.13934;-1;-1;-1;-1;-1;-1;0;0;0;-1
0;0;-7.57361;53.5792;4.63004;8.8163;-1;-1;-1;-1;-1;-1;0;0;0;-1
0;0;-5.98682;67.6103;4.20855;9.47824;-1;-1;-1;-1;-1;-1;0;0;0;-1
0;0;-8.48467;85.5163;1.86632;9.36899;-1;-1;-1;-1;-1;-1;0;0;0;-1
0;0;9.22443;-92.3511;1.14063;8.66405;-1;-1;-1;-1;-1;-1;0;0;0;-1
0;0;8.33666;-74.9371;1.62377;9.29014;-1;-1;-1;-1;-1;-1;0;0;0;-1
0;0;9.45122;-57.5261;5.12331;8.71904;-1;-1;-1;-1;-1;-1;0;0;0;-1
0;0;6.42087;-42.0343;2.67898;9.58653;-1;-1;-1;-1;-1;-1;0;0;0;-1
0;0;7.34551;-25.1679;2.38528;10.2601;-1;-1;-1;-1;-1;-1;0;0;0;-1
0;0;8.42084;-6.51319;3.83943;8.85355;-1;-1;-1;-1;-1;-1;0;0;0;-1
0;0;7.60934;11.3316;3.04786;8.78525;-1;-1;-1;-1;-1;-1;0;0;0;-1
0;0;8.89966;27.0679;2.327;8.5;-1;-1;-1;-1;-1;-1;0;1;133.359;-1
0;0;7.12474;44.3329;3.26668;10.2626;-1;-1;-1;-1;-1;-1;0;0;0;-1
0;0;5.98612;61.2296;2.34616;9.08225;-1;-1;-1;-1;-1;-1;0;0;0;-1
0;0;8.92466;76.8739;2.68931;8.5;-1;-1;-1;-1;-1;-1;0;1;104.463;-1
0;0;8.86004;93.9563;3.59941;10.2588;-1;-1;-1;-1;-1;-1;0;0;0;-1
0;0;23.1094;-82.9625;4.55009;9.98444;-1;-1;-1;-1;-1;-1;0;0;0;-1
0;0;21.4935;-66.4531;3.68666;9.31669;-1;-1;-1;-1;-1;-1;0;0;0;-1
0;0;20.0201;-50.2344;0.972465;10.411;-1;-1;-1;-1;-1;-1;0;0;0;-1
0;0;21.1429;-32.4903;4.61427;9.93312;-1;-1;-1;-1;-1;-1;0;0;0;-1
0;0;20.2071;-14.8357;1.56189;8.5;-1;-1;-1;-1;-1;-1;0;1;142.235;-1
0;0;22.0138;3.69701;4.86844;8.59113;-1;-1;-1;-1;-1;-1;0;0;0;-1
0;0;21.2352;17.3457;2.16361;8.5;-1;-1;-1;-1;-1;-1;0;1;137.849;-1
0;0;21.5579;37.283;2.54985;9.61037;-1;-1;-1;-1;-1;-1;0;0;0;-1
0;0;21.646;54.2423;3.8445;8.78744;-1;-1;-1;-1;-1;-1;0;0;0;-1
0;0;23.0217;68.6977;1.47734;10.4535;-1;-1;-1;-1;-1;-1;0;0;0;-1
0;0;19.8525;84.6003;2.20585;10.3503;-1;-1;-1;-1;-1;-1;0;0;0;-1
0;0;38.2416;-76.2606;4.19265;9.5496;-1;-1;-1;-1;-1;-1;0;0;0;-1
0;0;38.2446;-55.7408;1.7666;10.2507;-1;-1;-1;-1;-1;-1;0;0;0;-1
0;0;34.8835;-38.6821;4.06215;8.5;-1;-1;-1;-1;-1;-1;0;1;81.7779;-1
0;0;35.556;-22.9908;3.78058;8.5;-1;-1;-1;-1;-1;-1;0;1;143.809;-1
0;0;35.5989;-6.2158;1.32891;8.5;-1;-1;-1;-1;-1;-1;0;1;54.2204;-1
0;0;35.1232;8.36615;1.07829;8.79786;-1;-1;-1;-1;-1;-1;0;0;0;-1
0;0;35.7261;26.4299;2.15683;8.86316;-1;-1;-1;-1;-1;-1;0;0;0;-1
0;0;37.4943;45.7301;2.36412;10.3058;-1;-1;-1;-1;-1;-1;0;0;0;-1
0;0;38.8181;61.714;3.60136;10.2952;-1;-1;-1;-1;-1;-1;0;0;0;-1
0;0;36.0921;78.8953;3.17877;9.9079;-1;-1;-1;-1;-1;-1;0;0;0;-1
0;0;52.2764;-83.0284;3.65223;9.02326;-1;-1;-1;-1;-1;-1;0;0;0;-1
0;0;49.4474;-68.0302;2.03123;9.08682;-1;-1;-1;-1;-1;-1;0;0;0;-1
0;0;52.7205;-49.4738;3.22019;10.2405;-1;-1;-1;-1;-1;-1;0;0;0;-1
0;0;50.2574;-31.4902;2.15653;8.7761;-1;-1;-1;-1;-1;-1;0;0;0;-1
0;0;51.6412;-12.8997;2.13136;9.76551;-1;-1;-1;-1;-1;-1;0;0;0;-1
0;0;53.0395;3.2519;1.3188;9.29856;-1;-1;-1;-1;-1;-1;0;0;0;-1
0;0;50.8102;17.2462;3.49444;8.89343;-1;-1;-1;-1;-1;-1;0;0;0;-1
0;0;52.9074;37.3595;4.53837;10.0373;-1;-1;-1;-1;-1;-1;0;0;0;-1
0;0;50.0117;54.1711;4.70818;8.5;-1;-1;-1;-1;-1;-1;0;1;117.582;-1
0;0;50.4095;67.9998;4.54236;8.5;-1;-1;-1;-1;-1;-1;0;1;130.267;-1
0;0;67.9459;-57.5187;4.84269;9.36011;-1;-1;-1;-1;-1;-1;0;0;0;-1
0;0;67.0704;-38.3945;4.02989;9.98513;-1;-1;-1;-1;-1;-1;0;0;0;-1
0;0;64.5203;-22.0642;1.69378;8.82124;-1;-1;-1;-1;-1;-1;0;0;0;-1
0;0;68.1291;-4.60503;1.4062;9.64546;-1;-1;-1;-1;-1;-1;0;0;0;-1
0;0;64.0487;11.4999;0.959915;8.8219;-1;-1;-1;-1;-1;-1;0;0;0;-1
0;0;64.1253;26.4599;2.35555;8.5;-1;-1;-1;-1;-1;-1;0;1;19.9809;-1
0;0;64.7312;43.5363;1.66166;10.4098;-1;-1;-1;-1;-1;-1;0;0;0;-1
0;0;65.0067;63.4496;4.19507;9.66136;-1;-1;-1;-1;-1;-1;0;0;0;-1
0;0;80.2868;-46.6285;2.43146;9.97134;-1;-1;-1;-1;-1;-1;0;0;0;-1
0;0;80.433;-32.1329;2.48777;10.2317;-1;-1;-1;-1;-1;-1;0;0;0;-1
0;0;80.8533;-16.1572;4.35741;8.60895;-1;-1;-1;-1;-1;-1;0;0;0;-1
0;0;80.5706;3.9362;1.72957;9.93832;-1;-1;-1;-1;-1;-1;0;0;0;-1
0;0;79.4685;17.0439;1.35091;8.5;-1;-1;-1;-1;-1;-1;0;1;62.3786;-1
0;0;79.1379;38.3714;5.15912;9.49851;-1;-1;-1;-1;-1;-1;0;0;0;-1
0;0;79.8335;54.4935;4.16373;9.75258;-1;-1;-1;-1;-1;-1;0;0;0;-1
0;0;95.6662;-24.9186;3.60104;9.94256;-1;-1;-1;-1;-1;-1;0;0;0;-1
0;0;96.8067;-7.63183;3.09949;8.6838;-1;-1;-1;-1;-1;-1;0;0;0;-1
0;0;97.7587;9.93454;2.18447;9.37782;-1;-1;-1;-1;-1;-1;0;0;0;-1
0;0;94.7915;25.046;4.76898;8.69841;-1;-1;-1;-1;-1;-1;0;0;0;-1
0;0;-86.2034;-38.4807;16.9821;9.31278;-1;-1;-1;-1;-1;-1;0;0;0;-1
0;0;-84.637;-23.5543;17.5694;9.01033;-1;-1;-1;-1;-1;-1;0;0;0;-1
0;0;-85.2678;-6.9264;17.8146;9.37066;-1;-1;-1;-1;-1;-1;0;0;0;-1
0;0;-85.2752;12.0753;17.7526;9.56186;-1;-1;-1;-1;-1;-1;0;0;0;-1
0;0;-86.8317;29.6804;16.8138;9.6036;-1;-1;-1;-1;-1;-1;0;0;0;-1
0;0;-86.6145;43.0892;16.4902;9.22654;-1;-1;-1;-1;-1;-1;0;0;0;-1
0;0;-72.1082;-66.4771;16.6717;9.67578;-1;-1;-1;-1;-1;-1;0;0;0;-1
0;0;-71.6101;-48.5695;17.7226;10.3104;-1;-1;-1;-1;-1;-1;0;0;0;-1
0;0;-72.4384;-33.8026;18.3263;8.99311;-1;-1;-1;-1;-1;-1;0;0;0;-1
0;0;-71.9541;-17.4297;17.4362;8.5;-1;-1;-1;-1;-1;-1;0;1;73.2909;-1
0;0;-70.8785;3.25289;17.7511;10.2765;-1;-1;-1;-1;-1;-1;0;0;0;-1
0;0;-70.2075;18.3622;17.9403;8.78662;-1;-1;-1;-1;-1;-1;0;0;0;-1
0;0;-70.4502;34.8057;15.8459;10.3118;-1;-1;-1;-1;-1;-1;0;0;0;-1
0;0;-72.2735;50.6005;16.125;8.5;-1;-1;-1;-1;-1;-1;0;1;13.6783;-1
0;0;-57.8182;-75.3228;18.2249;10.2752;-1;-1;-1;-1;-1;-1;0;0;0;-1
0;0;-54.3012;-56.9971;18.8975;8.5;-1;-1;-1;-1;-1;-1;0;1;6.87846;-1
0;0;-56.3476;-41.9078;18.001;10.0623;-1;-1;-1;-1;-1;-1;0;0;0;-1
0;0;-54.9515;-24.8304;15.8317;8.5;-1;-1;-1;-1;-1;-1;0;1;96.2374;-1
0;0;-53.6712;-7.53368;17.4763;9.48876;-1;-1;-1;-1;-1;-1;0;0;0;-1
0;0;-56.0396;10.6123;17.7584;10.0349;-1;-1;-1;-1;-1;-1;0;0;0;-1
0;0;-53.9617;29.1979;15.5865;8.90982;-1;-1;-1;-1;-1;-1;0;0;0;-1
0;0;-57.6002;46.765;18.4803;8.5;-1;-1;-1;-1;-1;-1;0;1;150.36;-1
0;0;-57.9088;64.0338;17.0602;10.4517;-1;-1;-1;-1;-1;-1;0;0;0;-1
0;0;-54.9562;79.8809;17.4465;10.4425;-1;-1;-1;-1;-1;-1;0;0;0;-1
0;0;-40.5497;-80.6696;16.7239;9.92648;-1;-1;-1;-1;-1;-1;0;0;0;-1
0;0;-39.8141;-66.2789;16.5878;9.48424;-1;-1;-1;-1;-1;-1;0;0;0;-1
0;0;-43.0295;-50.9221;19.8638;9.54411;-1;-1;-1;-1;-1;-1;0;0;0;-1
0;0;-39.1859;-31.6711;17.9556;9.6915;-1;-1;-1;-1;-1;-1;0;0;0;-1
0;0;-42.7915;-13.2652;18.9279;9.49983;-1;-1;-1;-1;-1;-1;0;0;0;-1
0;0;-39.621;0.566861;15.8927;9.36269;-1;-1;-1;-1;-1;-1;0;0;0;-1
0;0;-43.184;18.2904;17.6752;10.2597;-1;-1;-1;-1;-1;-1;0;0;0;-1
0;0;-39.0318;36.9917;16.2953;9.12456;-1;-1;-1;-1;-1;-1;0;0;0;-1
0;0;-40.1088;52.8813;16.7383;9.39044;-1;-1;-1;-1;-1;-1;0;0;0;-1
0;0;-41.8104;68.7833;17.464;10.1121;-1;-1;-1;-1;-1;-1;0;0;0;-1
0;0;-39.1067;85.4468;19.1196;8.5;-1;-1;-1;-1;-1;-1;0;1;128.855;-1
0;0;-27.6889;-93.2114;18.9681;8.55928;-1;-1;-1;-1;-1;-1;0;0;0;-1
0;0;-24.8449;-75.8384;19.6441;8.5488;-1;-1;-1;-1;-1;-1;0;0;0;-1
0;0;-26.896;-59.0293;19.8448;8.5;-1;-1;-1;-1;-1;-1;0;1;25.6141;-1
0;0;-25.281;-38.5051;16.0417;8.52556;-1;-1;-1;-1;-1;-1;0;0;0;-1
0;0;-28.0696;-23.2065;17.8184;8.87981;-1;-1;-1;-1;-1;-1;0;0;0;-1
0;0;-28.5245;-4.04915;15.5792;9.44502;-1;-1;-1;-1;-1;-1;0;0;0;-1
0;0;-25.5342;8.99011;18.8871;8.95694;-1;-1;-1;-1;-1;-1;0;0;0;-1
0;0;-28.0257;29.2943;17.379;9.1515;-1;-1;-1;-1;-1;-1;0;0;0;-1
0;0;-25.3224;44.4443;16.1735;8.59274;-1;-1;-1;-1;-1;-1;0;0;0;-1
0;0;-24.6229;63.7124;15.6849;10.201;-1;-1;-1;-1;-1;-1;0;0;0;-1
0;0;-27.9778;76.4994;18.6262;10.1808;-1;-1;-1;-1;-1;-1;0;0;0;-1
0;0;-9.99713;-82.4402;16.8769;10.2973;-1;-1;-1;-1;-1;-1;0;0;0;-1
0;0;-9.75307;-67.3463;19.6553;8.61225;-1;-1;-1;-1;-1;-1;0;0;0;-1
0;0;-13.3757;-50.1148;19.4551;9.62162;-1;-1;-1;-1;-1;-1;0;0;0;-1
0;0;-12.3463;-33.8206;17.2567;9.02861;-1;-1;-1;-1;-1;-1;0;0;0;-1
0;0;-11.4139;-13.4803;16.7186;9.02797;-1;-1;-1;-1;-1;-1;0;0;0;-1
0;0;-12.2101;-0.189248;16.7327;8.5;-1;-1;-1;-1;-1;-1;0;1;12.9277;-1
0;0;-10.5393;20.77;17.8912;8.5;-1;-1;-1;-1;-1;-1;0;1;34.5805;-1
0;0;-12.4909;36.9848;17.2192;9.4501;-1;-1;-1;-1;-1;-1;0;0;0;-1
0;0;-12.9624;52.2698;15.7187;10.4132;-1;-1;-1;-1;-1;-1;0;0;0;-1
0;0;-9.97306;70.8992;18.179;9.75996;-1;-1;-1;-1;-1;-1;0;0;0;-1
0;0;-9.89858;87.2755;16.7119;9.85426;-1;-1;-1;-1;-1;-1;0;0;0;-1
0;0;4.73192;-88.9965;17.1279;9.48875;-1;-1;-1;-1;-1;-1;0;0;0;-1
0;0;2.06299;-75.1292;18.179;8.5;-1;-1;-1;-1;-1;-1;0;1;146.947;-1
0;0;0.912243;-56.7563;18.8178;10.3144;-1;-1;-1;-1;-1;-1;0;0;0;-1
0;0;4.34706;-40.5138;17.4621;10.0677;-1;-1;-1;-1;-1;-1;0;0;0;-1
0;0;1.72064;-24.0819;17.6448;9.08733;-1;-1;-1;-1;-1;-1;0;0;0;-1
0;0;4.90478;-8.11064;18.923;9.78804;-1;-1;-1;-1;-1;-1;0;0;0;-1
0;0;3.49016;11.165;16.7994;9.16476;-1;-1;-1;-1;-1;-1;0;0;0;-1
0;0;5.20937;29.4101;17.124;8.5;-1;-1;-1;-1;-1;-1;0;1;14.2718;-1
0;0;2.76211;44.7984;19.3249;8.58868;-1;-1;-1;-1;-1;-1;0;0;0;-1
0;0;2.36848;60.27;17.8709;8.5;-1;-1;-1;-1;-1;-1;0;1;80.4293;-1
0;0;3.93129;80.5848;18.515;8.8481;-1;-1;-1;-1;-1;-1;0;0;0;-1
0;0;4.55129;94.0025;16.0955;9.47234;-1;-1;-1;-1;-1;-1;0;0;0;-1
0;0;19.8018;-84.8987;17.8156;8.66786;-1;-1;-1;-1;-1;-1;0;0;0;-1
0;0;15.8225;-68.2987;18.8623;9.8632;-1;-1;-1;-1;-1;-1;0;0;0;-1
0;0;17.8349;-50.5059;17.9979;10.3527;-1;-1;-1;-1;-1;-1;0;0;0;-1
0;0;16.5072;-29.6745;19.2265;9.69026;-1;-1;-1;-1;-1;-1;0;0;0;-1
0;0;19.9664;-16.2364;15.7715;9.78855;-1;-1;-1;-1;-1;-1;0;0;0;-1
0;0;17.4993;0.895326;19.72;10.4363;-1;-1;-1;-1;-1;-1;0;0;0;-1
0;0;18.2028;17.4644;17.2921;9.04961;-1;-1;-1;-1;-1;-1;0;0;0;-1
0;0;18.9093;38.4886;17.1647;8.69366;-1;-1;-1;-1;-1;-1;0;0;0;-1
0;0;16.8677;55.1727;19.1229;9.19101;-1;-1;-1;-1;-1;-1;0;0;0;-1
0;0;16.1064;69.497;16.8747;9.23694;-1;-1;-1;-1;-1;-1;0;0;0;-1
0;0;16.6687;86.1572;18.9963;8.69158;-1;-1;-1;-1;-1;-1;0;0;0;-1
0;0;31.3012;-90.0308;16.3275;9.36903;-1;-1;-1;-1;-1;-1;0;0;0;-1
0;0;33.3235;-76.3959;19.0158;8.5;-1;-1;-1;-1;-1;-1;0;1;107.239;-1
0;0;31.2864;-56.9045;18.4869;8.99919;-1;-1;-1;-1;-1;-1;0;0;0;-1
0;0;33.6333;-42.4452;17.7348;9.36563;-1;-1;-1;-1;-1;-1;0;0;0;-1
0;0;31.5201;-23.5313;19.1191;9.97958;-1;-1;-1;-1;-1;-1;0;0;0;-1
0;0;34.2772;-4.43602;19.3278;8.5;-1;-1;-1;-1;-1;-1;0;1;129.573;-1
0;0;34.0897;11.5866;16.1507;9.04767;-1;-1;-1;-1;-1;-1;0;0;0;-1
0;0;30.3541;27.6729;15.6421;10.4193;-1;-1;-1;-1;-1;-1;0;0;0;-1
0;0;32.8642;45.1357;19.1223;8.5;-1;-1;-1;-1;-1;-1;0;1;133.728;-1
0;0;31.25;63.9028;16.7685;8.81637;-1;-1;-1;-1;-1;-1;0;0;0;-1
0;0;33.751;79.2012;16.1048;9.34429;-1;-1;-1;-1;-1;-1;0;0;0;-1
0;0;46.968;-82.705;17.7428;10.0871;-1;-1;-1;-1;-1;-1;0;0;0;-1
0;0;47.987;-66.7914;17.5804;9.03471;-1;-1;-1;-1;-1;-1;0;0;0;-1
0;0;46.3104;-51.5431;16.1714;9.72195;-1;-1;-1;-1;-1;-1;0;0;0;-1
0;0;46.3548;-30.1749;17.1237;10.0109;-1;-1;-1;-1;-1;-1;0;0;0;-1
0;0;46.435;-15.8933;19.064;8.5;-1;-1;-1;-1;-1;-1;0;1;49.5953;-1
0;0;48.9228;4.46869;18.7606;8.83794;-1;-1;-1;-1;-1;-1;0;0;0;-1
0;0;49.0811;21.3555;17.7684;9.2663;-1;-1;-1;-1;-1;-1;0;0;0;-1
0;0;48.5288;38.241;18.4339;8.5;-1;-1;-1;-1;-1;-1;0;1;99.6242;-1
0;0;48.441;51.7164;18.9467;8.84034;-1;-1;-1;-1;-1;-1;0;0;0;-1
0;0;49.2987;70.5469;17.0181;10.4143;-1;-1;-1;-1;-1;-1;0;0;0;-1
0;0;45.2587;85.1196;18.2481;8.5;-1;-1;-1;-1;-1;-1;0;1;135.434;-1
0;0;60.1363;-73.601;18.4923;10.1154;-1;-1;-1;-1;-1;-1;0;0;0;-1
0;0;60.0287;-55.7178;16.2794;8.78711;-1;-1;-1;-1;-1;-1;0;0;0;-1
0;0;62.7397;-38.2079;19.8853;9.04091;-1;-1;-1;-1;-1;-1;0;0;0;-1
0;0;60.1592;-25.29;18.7949;10.1956;-1;-1;-1;-1;-1;-1;0;0;0;-1
0;0;62.7771;-6.38408;18.4486;8.88637;-1;-1;-1;-1;-1;-1;0;0;0;-1
0;0;61.5709;11.2278;19.6964;8.74438;-1;-1;-1;-1;-1;-1;0;0;0;-1
0;0;60.5059;27.2886;16.2531;9.43541;-1;-1;-1;-1;-1;-1;0;0;0;-1
0;0;62.3327;42.4032;17.2807;10.2964;-1;-1;-1;-1;-1;-1;0;0;0;-1
0;0;61.4712;62.8296;16.8278;8.74736;-1;-1;-1;-1;-1;-1;0;0;0;-1
0;0;76.5002;-50.4607;16.5317;8.5;-1;-1;-1;-1;-1;-1;0;1;137.781;-1
0;0;75.4657;-31.5982;16.7766;10.2806;-1;-1;-1;-1;-1;-1;0;0;0;-1
0;0;76.4575;-14.8992;16.3166;8.54439;-1;-1;-1;-1;-1;-1;0;0;0;-1
0;0;74.7037;2.45324;16.4083;10.4054;-1;-1;-1;-1;-1;-1;0;0;0;-1
0;0;75.9643;18.3351;17.0038;8.5;-1;-1;-1;-1;-1;-1;0;1;59.4076;-1
0;0;75.719;36.8973;15.9332;10.4406;-1;-1;-1;-1;-1;-1;0;0;0;-1
0;0;78.591;51.6864;19.5246;9.54345;-1;-1;-1;-1;-1;-1;0;0;0;-1
0;0;92.9616;-24.6548;17.4978;10.1194;-1;-1;-1;-1;-1;-1;0;0;0;-1
0;0;91.4312;-4.37964;19.2642;9.8565;-1;-1;-1;-1;-1;-1;0;0;0;-1
0;0;92.0279;8.53657;16.1559;10.0928;-1;-1;-1;-1;-1;-1;0;0;0;-1
0;0;89.5229;27.5368;16.6955;8.5;-1;-1;-1;-1;-1;-1;0;1;57.0573;-1
0;0;-93.7294;-0.0588455;34.041;8.94679;-1;-1;-1;-1;-1;-1;0;0;0;-1
0;0;-82.2937;-40.1893;34.7023;10.2773;-1;-1;-1;-1;-1;-1;0;0;0;-1
0;0;-81.8704;-24.9922;33.9481;10.2289;-1;-1;-1;-1;-1;-1;0;0;0;-1
0;0;-80.1869;-5.04405;31.7955;9.16434;-1;-1;-1;-1;-1;-1;0;0;0;-1
0;0;-80.8001;8.71549;32.341;8.5;-1;-1;-1;-1;-1;-1;0;1;144.421;-1
0;0;-79.6188;29.4761;33.391;10.0066;-1;-1;-1;-1;-1;-1;0;0;0;-1
0;0;-82.0328;42.0858;33.8202;8.5;-1;-1;-1;-1;-1;-1;0;1;120.71;-1
0;0;-66.3605;-49.7254;32.8826;10.1025;-1;-1;-1;-1;-1;-1;0;0;0;-1
0;0;-66.8046;-33.5762;31.7448;8.56003;-1;-1;-1;-1;-1;-1;0;0;0;-1
0;0;-64.9458;-13.4875;31.8653;9.56263;-1;-1;-1;-1;-1;-1;0;0;0;-1
0;0;-64.3728;0.897724;32.2536;10.3041;-1;-1;-1;-1;-1;-1;0;0;0;-1
0;0;-68.0637;19.1216;34.1269;8.5;-1;-1;-1;-1;-1;-1;0;1;106.298;-1
0;0;-65.7687;34.0231;32.9652;8.67485;-1;-1;-1;-1;-1;-1;0;0;0;-1
0;0;-64.6528;54.5464;33.3584;8.75377;-1;-1;-1;-1;-1;-1;0;0;0;-1
0;0;-52.6391;-72.1504;31.8368;8.5;-1;-1;-1;-1;-1;-1;0;1;90.4052;-1
0;0;-53.4683;-57.9535;33.5177;8.93739;-1;-1;-1;-1;-1;-1;0;0;0;-1
0;0;-52.6158;-38.5703;32.4195;8.5;-1;-1;-1;-1;-1;-1;0;1;124.224;-1
0;0;-50.2879;-21.3436;33.0913;9.37898;-1;-1;-1;-1;-1;-1;0;0;0;-1
0;0;-53.5483;-8.34265;33.5617;9.15418;-1;-1;-1;-1;-1;-1;0;0;0;-1
0;0;-49.3875;11.0355;34.356;9.12784;-1;-1;-1;-1;-1;-1;0;0;0;-1
0;0;-50.648;25.922;33.9347;9.98341;-1;-1;-1;-1;-1;-1;0;0;0;-1
0;0;-53.0429;45.4051;32.9581;9.42626;-1;-1;-1;-1;-1;-1;0;0;0;-1
0;0;-53.605;60.2157;34.0862;9.23311;-1;-1;-1;-1;-1;-1;0;0;0;-1
0;0;-51.839;77.5098;30.3707;8.52848;-1;-1;-1;-1;-1;-1;0;0;0;-1
0;0;-38.0885;-85.4826;34.1599;10.0205;-1;-1;-1;-1;-1;-1;0;0;0;-1
0;0;-35.3573;-64.0285;30.7765;10.0078;-1;-1;-1;-1;-1;-1;0;0;0;-1
0;0;-36.7672;-51.2865;33.8921;10.2212;-1;-1;-1;-1;-1;-1;0;0;0;-1
0;0;-37.2559;-31.9143;31.8168;10.2373;-1;-1;-1;-1;-1;-1;0;0;0;-1
0;0;-35.4413;-13.389;31.6111;8.73227;-1;-1;-1;-1;-1;-1;0;0;0;-1
0;0;-36.4744;0.895415;30.5502;10.4337;-1;-1;-1;-1;-1;-1;0;0;0;-1
0;0;-35.2754;19.6709;31.5978;8.5;-1;-1;-1;-1;-1;-1;0;1;47.831;-1
0;0;-36.0222;36.0204;34.06;8.5;-1;-1;-1;-1;-1;-1;0;1;80.147;-1
0;0;-36.0296;53;32.2155;10.3069;-1;-1;-1;-1;-1;-1;0;0;0;-1
0;0;-36.8527;68.8012;31.9886;9.55328;-1;-1;-1;-1;-1;-1;0;0;0;-1
0;0;-37.2418;86.1056;34.4363;9.44853;-1;-1;-1;-1;-1;-1;0;0;0;-1
0;0;-23.2541;-89.8772;33.8831;8.79554;-1;-1;-1;-1;-1;-1;0;0;0;-1
0;0;-20.3361;-72.0762;32.8982;8.5;-1;-1;-1;-1;-1;-1;0;1;4.06593;-1
0;0;-23.4207;-55.2996;31.3296;9.55794;-1;-1;-1;-1;-1;-1;0;0;0;-1
0;0;-23.1879;-38.4422;34.4412;9.48595;-1;-1;-1;-1;-1;-1;0;0;0;-1
0;0;-22.3412;-22.8321;33.3824;10.1643;-1;-1;-1;-1;-1;-1;0;0;0;-1
0;0;-23.7001;-8.15524;31.1507;9.59947;-1;-1;-1;-1;-1;-1;0;0;0;-1
0;0;-20.4056;11.5353;31.1879;8.59197;-1;-1;-1;-1;-1;-1;0;0;0;-1
0;0;-22.5267;29.2206;30.8896;10.1983;-1;-1;-1;-1;-1;-1;0;0;0;-1
0;0;-21.183;44.2;34.5729;8.93865;-1;-1;-1;-1;-1;-1;0;0;0;-1
0;0;-22.6787;63.0132;31.3185;9.33882;-1;-1;-1;-1;-1;-1;0;0;0;-1
0;0;-23.8672;78.7736;32.3188;10.195;-1;-1;-1;-1;-1;-1;0;0;0;-1
0;0;-8.24314;-83.0632;32.9635;9.40635;-1;-1;-1;-1;-1;-1;0;0;0;-1
0;0;-9.17311;-64.0079;30.6738;8.5;-1;-1;-1;-1;-1;-1;0;1;121.54;-1
0;0;-9.10602;-47.9345;33.4627;10.2444;-1;-1;-1;-1;-1;-1;0;0;0;-1
0;0;-5.35276;-34.2015;30.83;8.54913;-1;-1;-1;-1;-1;-1;0;0;0;-1
0;0;-6.34095;-12.4583;33.0776;9.81414;-1;-1;-1;-1;-1;-1;0;0;0;-1
0;0;-5.33747;0.606858;32.8172;8.64561;-1;-1;-1;-1;-1;-1;0;0;0;-1
0;0;-7.55274;19.4543;31.7606;8.5;-1;-1;-1;-1;-1;-1;0;1;108.876;-1
0;0;-8.371;34.4713;34.3405;9.03312;-1;-1;-1;-1;-1;-1;0;0;0;-1
0;0;-6.88006;54.4253;33.7484;8.5;-1;-1;-1;-1;-1;-1;0;1;14.5681;-1
0;0;-8.21361;67.8576;31.0785;8.5;-1;-1;-1;-1;-1;-1;0;1;89.0433;-1
0;0;-7.9785;88.9442;30.9246;8.5;-1;-1;-1;-1;-1;-1;0;1;49.85;-1
0;0;7.24065;-91.4142;32.4394;9.1511;-1;-1;-1;-1;-1;-1;0;0;0;-1
0;0;9.27969;-72.7383;30.7686;8.5;-1;-1;-1;-1;-1;-1;0;1;25.8991;-1
0;0;9.04504;-59.3748;32.0183;9.73598;-1;-1;-1;-1;-1;-1;0;0;0;-1
0;0;5.55603;-38.3418;31.6956;10.1648;-1;-1;-1;-1;-1;-1;0;0;0;-1
0;0;7.49343;-25.5687;32.1805;10.4206;-1;-1;-1;-1;-1;-1;0;0;0;-1
0;0;9.48048;-6.48765;34.4349;10.2033;-1;-1;-1;-1;-1;-1;0;0;0;-1
0;0;8.48822;9.46331;34.6861;8.58047;-1;-1;-1;-1;-1;-1;0;0;0;-1
0;0;8.03157;25.7191;30.7089;9.2447;-1;-1;-1;-1;-1;-1;0;0;0;-1
0;0;5.39276;46.3609;30.5743;8.93773;-1;-1;-1;-1;-1;-1;0;0;0;-1
0;0;8.53146;61.1781;34.4712;8.55174;-1;-1;-1;-1;-1;-1;0;0;0;-1
0;0;8.67949;78.6637;34.1982;9.90428;-1;-1;-1;-1;-1;-1;0;0;0;-1
0;0;24.0897;-82.8562;33.8495;8.5;-1;-1;-1;-1;-1;-1;0;1;143.298;-1
0;0;20.136;-65.4688;30.7983;10.1653;-1;-1;-1;-1;-1;-1;0;0;0;-1
0;0;24.0785;-49.9499;34.4144;9.66006;-1;-1;-1;-1;-1;-1;0;0;0;-1
0;0;22.4969;-33.7742;32.6856;9.37227;-1;-1;-1;-1;-1;-1;0;0;0;-1
0;0;20.3777;-13.6761;32.5942;8.60803;-1;-1;-1;-1;-1;-1;0;0;0;-1
0;0;20.7363;-0.148281;33.9836;8.80758;-1;-1;-1;-1;-1;-1;0;0;0;-1
0;0;22.1781;21.2152;33.8326;10.0151;-1;-1;-1;-1;-1;-1;0;0;0;-1
0;0;20.3294;35.53;33.2545;10.0128;-1;-1;-1;-1;-1;-1;0;0;0;-1
0;0;24.1224;50.7786;31.3389;9.71741;-1;-1;-1;-1;-1;-1;0;0;0;-1
0;0;23.7676;69.1223;32.4511;9.68728;-1;-1;-1;-1;-1;-1;0;0;0;-1
0;0;21.4334;84.8783;32.4909;8.5;-1;-1;-1;-1;-1;-1;0;1;7.33989;-1
0;0;37.2973;-72.8015;33.1487;9.02032;-1;-1;-1;-1;-1;-1;0;0;0;-1
0;0;38.2045;-56.9177;30.7555;10.2213;-1;-1;-1;-1;-1;-1;0;0;0;-1
0;0;36.5777;-38.8164;30.3114;9.06834;-1;-1;-1;-1;-1;-1;0;0;0;-1
0;0;37.3119;-23.2212;31.4527;9.33092;-1;-1;-1;-1;-1;-1;0;0;0;-1
0;0;36.4677;-8.62772;34.4604;9.73066;-1;-1;-1;-1;-1;-1;0;0;0;-1
0;0;38.098;8.70834;31.125;9.06273;-1;-1;-1;-1;-1;-1;0;0;0;-1
0;0;38.5123;28.5022;32.8159;8.55424;-1;-1;-1;-1;-1;-1;0;0;0;-1
0;0;35;46.3271;31.0451;8.5;-1;-1;-1;-1;-1;-1;0;1;46.6813;-1
0;0;38.1736;59.3787;30.8727;9.38065;-1;-1;-1;-1;-1;-1;0;0;0;-1
0;0;35.89;78.2895;33.6214;8.88151;-1;-1;-1;-1;-1;-1;0;0;0;-1
0;0;53.6755;-63.7736;32.5242;9.94907;-1;-1;-1;-1;-1;-1;0;0;0;-1
0;0;52.5274;-50.4115;33.133;9.26247;-1;-1;-1;-1;-1;-1;0;0;0;-1
0;0;51.5723;-31.9413;31.7467;8.5;-1;-1;-1;-1;-1;-1;0;1;63.8004;-1
0;0;53.5293;-16.0555;33.4117;8.5;-1;-1;-1;-1;-1;-1;0;1;26.6293;-1
0;0;51.1119;3.87789;34.356;8.5;-1;-1;-1;-1;-1;-1;0;1;22.4362;-1
0;0;51.8885;20.0567;31.9885;9.7147;-1;-1;-1;-1;-1;-1;0;0;0;-1
0;0;52.2743;37.5758;33.4903;9.02956;-1;-1;-1;-1;-1;-1;0;0;0;-1
0;0;53.0628;53.4931;32.4719;9.32287;-1;-1;-1;-1;-1;-1;0;0;0;-1
0;0;53.4558;72.4352;32.8254;8.70426;-1;-1;-1;-1;-1;-1;0;0;0;-1
0;0;65.2332;-56.8371;32.0535;8.5;-1;-1;-1;-1;-1;-1;0;1;87.9755;-1
0;0;66.9988;-42.9817;33.5263;10.2895;-1;-1;-1;-1;-1;-1;0;0;0;-1
0;0;66.8051;-21.0502;30.5409;9.6892;-1;-1;-1;-1;-1;-1;0;0;0;-1
0;0;66.3251;-8.15536;32.6857;8.5;-1;-1;-1;-1;-1;-1;0;1;37.0523;-1
0;0;67.964;9.35544;32.6833;8.75657;-1;-1;-1;-1;-1;-1;0;0;0;-1
0;0;68.0338;25.1714;30.2981;8.5;-1;-1;-1;-1;-1;-1;0;1;51.62;-1
0;0;67.4751;42.9314;30.3656;8.80809;-1;-1;-1;-1;-1;-1;0;0;0;-1
0;0;66.4318;60.4157;30.5879;9.22275;-1;-1;-1;-1;-1;-1;0;0;0;-1
0;0;79.2238;-32.0331;32.1675;8.67212;-1;-1;-1;-1;-1;-1;0;0;0;-1
0;0;82.4546;-15.3253;30.399;9.74273;-1;-1;-1;-1;-1;-1;0;0;0;-1
0;0;80.342;2.11709;33.4298;10.137;-1;-1;-1;-1;-1;-1;0;0;0;-1
0;0;80.6647;20.2699;31.2185;9.45991;-1;-1;-1;-1;-1;-1;0;0;0;-1
0;0;79.885;34.2056;31.4718;8.5;-1;-1;-1;-1;-1;-1;0;1;63.4011;-1
0;0;93.6119;-7.90951;30.8212;8.71003;-1;-1;-1;-1;-1;-1;0;0;0;-1
0;0;-83.4904;-7.26597;46.9793;10.2711;-1;-1;-1;-1;-1;-1;0;0;0;-1
0;0;-86.3868;8.2112;47.4281;8.90071;-1;-1;-1;-1;-1;-1;0;0;0;-1
0;0;-68.8587;-48.9232;45.1285;8.5;-1;-1;-1;-1;-1;-1;0;1;153.427;-1
0;0;-70.3128;-30.4994;46.7211;10.0627;-1;-1;-1;-1;-1;-1;0;0;0;-1
0;0;-68.4945;-13.4669;45.3781;9.01511;-1;-1;-1;-1;-1;-1;0;0;0;-1
0;0;-71.0216;0.654964;49.382;8.5;-1;-1;-1;-1;-1;-1;0;1;102.609;-1
0;0;-69.5757;18.9657;47.997;8.5;-1;-1;-1;-1;-1;-1;0;1;55.5116;-1
0;0;-70.7551;35.4091;48.0756;8.61352;-1;-1;-1;-1;-1;-1;0;0;0;-1
0;0;-55.803;-55.1248;48.9359;8.5;-1;-1;-1;-1;-1;-1;0;1;21.9003;-1
0;0;-53.9418;-38.0293;46.7101;9.68594;-1;-1;-1;-1;-1;-1;0;0;0;-1
0;0;-57.9232;-24.2973;47.9068;9.51268;-1;-1;-1;-1;-1;-1;0;0;0;-1
0;0;-54.4349;-5.26926;48.5181;8.5;-1;-1;-1;-1;-1;-1;0;1;154.973;-1
0;0;-53.8794;8.7806;48.4504;9.85959;-1;-1;-1;-1;-1;-1;0;0;0;-1
0;0;-56.9269;27.512;47.7611;9.59661;-1;-1;-1;-1;-1;-1;0;0;0;-1
0;0;-55.4157;44.2992;48.5185;10.3567;-1;-1;-1;-1;-1;-1;0;0;0;-1
0;0;-57.1551;59.8369;45.0358;9.82992;-1;-1;-1;-1;-1;-1;0;0;0;-1
0;0;-39.6323;-65.007;45.5156;9.47748;-1;-1;-1;-1;-1;-1;0;0;0;-1
0;0;-39.1944;-47.9941;45.4016;8.5;-1;-1;-1;-1;-1;-1;0;1;128.61;-1
0;0;-41.6846;-32.6076;49.2459;9.10957;-1;-1;-1;-1;-1;-1;0;0;0;-1
0;0;-42.3819;-13.4489;46.0598;9.71282;-1;-1;-1;-1;-1;-1;0;0;0;-1
0;0;-43.11;-0.481051;48.9918;9.80559;-1;-1;-1;-1;-1;-1;0;0;0;-1
0;0;-40.2223;20.5152;48.7095;8.5;-1;-1;-1;-1;-1;-1;0;1;57.0435;-1
0;0;-41.4387;35.7252;46.733;8.54298;-1;-1;-1;-1;-1;-1;0;0;0;-1
0;0;-39.7951;55.2385;45.2869;8.93076;-1;-1;-1;-1;-1;-1;0;0;0;-1
0;0;-43.2598;69.9851;47.7954;10.08;-1;-1;-1;-1;-1;-1;0;0;0;-1
0;0;-28.3453;-76.0129;46.3781;8.5;-1;-1;-1;-1;-1;-1;0;1;51.793;-1
0;0;-24.5536;-57.3252;46.9446;8.5;-1;-1;-1;-1;-1;-1;0;1;52.6248;-1
0;0;-24.7622;-42.9928;46.6713;9.72492;-1;-1;-1;-1;-1;-1;0;0;0;-1
0;0;-28.0085;-25.5768;47.8474;8.68866;-1;-1;-1;-1;-1;-1;0;0;0;-1
0;0;-25.0117;-9.02212;48.9243;9.63564;-1;-1;-1;-1;-1;-1;0;0;0;-1
0;0;-28.2631;10.3034;46.0379;10.0135;-1;-1;-1;-1;-1;-1;0;0;0;-1
0;0;-28.3881;25.1569;46.0115;10.2375;-1;-1;-1;-1;-1;-1;0;0;0;-1
0;0;-28.146;43.7271;47.4151;8.59415;-1;-1;-1;-1;-1;-1;0;0;0;-1
0;0;-26.8352;62.8659;45.2986;8.5;-1;-1;-1;-1;-1;-1;0;1;78.9683;-1
0;0;-24.8261;79.8263;47.8022;9.92441;-1;-1;-1;-1;-1;-1;0;0;0;-1
0;0;-10.0366;-80.6686;46.7649;9.72936;-1;-1;-1;-1;-1;-1;0;0;0;-1
0;0;-13.1629;-64.3569;46.4422;8.5;-1;-1;-1;-1;-1;-1;0;1;96.977;-1
0;0;-11.3933;-47.2096;47.8914;8.62195;-1;-1;-1;-1;-1;-1;0;0;0;-1
0;0;-10.8054;-32.2154;49.1277;9.03094;-1;-1;-1;-1;-1;-1;0;0;0;-1
0;0;-11.1375;-13.9352;45.2365;8.5;-1;-1;-1;-1;-1;-1;0;1;103.876;-1
0;0;-11.6586;1.94656;49.1241;8.82352;-1;-1;-1;-1;-1;-1;0;0;0;-1
0;0;-13.0467;17.7466;46.6176;10.387;-1;-1;-1;-1;-1;-1;0;0;0;-1
0;0;-10.7272;36.363;46.4507;9.6529;-1;-1;-1;-1;-1;-1;0;0;0;-1
0;0;-11.7819;50.5286;45.4421;8.53966;-1;-1;-1;-1;-1;-1;0;0;0;-1
0;0;-12.6671;68.9005;47.6501;8.5;-1;-1;-1;-1;-1;-1;0;1;48.0264;-1
0;0;2.43348;-75.8998;46.701;10.0616;-1;-1;-1;-1;-1;-1;0;0;0;-1
0;0;1.95248;-56.2658;45.0406;8.5;-1;-1;-1;-1;-1;-1;0;1;149.518;-1
0;0;3.97373;-39.9834;49.1173;9.57432;-1;-1;-1;-1;-1;-1;0;0;0;-1
0;0;1.34541;-25.9726;46.2185;8.5;-1;-1;-1;-1;-1;-1;0;1;79.7753;-1
0;0;1.69358;-4.37832;48.8697;9.26511;-1;-1;-1;-1;-1;-1;0;0;0;-1
0;0;3.67659;8.93465;48.3513;10.4534;-1;-1;-1;-1;-1;-1;0;0;0;-1
0;0;5.19216;27.9978;47.1435;8.5;-1;-1;-1;-1;-1;-1;0;1;60.9372;-1
0;0;3.90057;42.671;45.535;9.25837;-1;-1;-1;-1;-1;-1;0;0;0;-1
0;0;3.6499;60.5475;46.5156;8.70442;-1;-1;-1;-1;-1;-1;0;0;0;-1
0;0;3.94809;80.4015;46.7033;8.81661;-1;-1;-1;-1;-1;-1;0;0;0;-1
0;0;17.9287;-85.0462;47.3436;9.50029;-1;-1;-1;-1;-1;-1;0;0;0;-1
0;0;19.1632;-64.5502;47.4418;10.2495;-1;-1;-1;-1;-1;-1;0;0;0;-1
0;0;17.164;-49.0397;45.568;9.16076;-1;-1;-1;-1;-1;-1;0;0;0;-1
0;0;17.6884;-30.8856;48.575;8.53113;-1;-1;-1;-1;-1;-1;0;0;0;-1
0;0;15.8033;-17.5068;48.8886;9.48185;-1;-1;-1;-1;-1;-1;0;0;0;-1
0;0;16.8137;0.279897;47.7011;9.47381;-1;-1;-1;-1;-1;-1;0;0;0;-1
0;0;19.6995;21.272;45.3683;10.2471;-1;-1;-1;-1;-1;-1;0;0;0;-1
0;0;16.8907;38.4175;46.2973;10.3747;-1;-1;-1;-1;-1;-1;0;0;0;-1
0;0;18.6509;54.4989;48.2454;9.98405;-1;-1;-1;-1;-1;-1;0;0;0;-1
0;0;18.6262;69.0809;45.4433;9.87912;-1;-1;-1;-1;-1;-1;0;0;0;-1
0;0;31.866;-75.2882;46.0207;9.82769;-1;-1;-1;-1;-1;-1;0;0;0;-1
0;0;31.4791;-55.8483;45.6282;10.1384;-1;-1;-1;-1;-1;-1;0;0;0;-1
0;0;31.6635;-41.5731;45.3997;8.51477;-1;-1;-1;-1;-1;-1;0;0;0;-1
0;0;31.7843;-21.185;46.736;8.85889;-1;-1;-1;-1;-1;-1;0;0;0;-1
0;0;30.5359;-8.98485;45.6986;8.5;-1;-1;-1;-1;-1;-1;0;1;115.838;-1
0;0;33.8377;9.43859;49.1085;10.1274;-1;-1;-1;-1;-1;-1;0;0;0;-1
0;0;33.5016;26.3084;45.6447;8.5;-1;-1;-1;-1;-1;-1;0;1;14.4146;-1
0;0;30.7847;45.1059;45.8551;8.9711;-1;-1;-1;-1;-1;-1;0;0;0;-1
0;0;33.576;59.1897;46.7253;9.6066;-1;-1;-1;-1;-1;-1;0;0;0;-1
0;0;31.5126;79.2693;46.0776;9.27012;-1;-1;-1;-1;-1;-1;0;0;0;-1
0;0;48.4574;-63.9742;49.1554;9.7066;-1;-1;-1;-1;-1;-1;0;0;0;-1
0;0;48.3228;-51.0973;48.6162;10.2738;-1;-1;-1;-1;-1;-1;0;0;0;-1
0;0;46.081;-31.159;48.5998;8.60334;-1;-1;-1;-1;-1;-1;0;0;0;-1
0;0;45.2802;-14.6335;49.1293;10.3778;-1;-1;-1;-1;-1;-1;0;0;0;-1
0;0;49.0537;0.337406;47.6239;9.75294;-1;-1;-1;-1;-1;-1;0;0;0;-1
0;0;48.7149;17.2267;45.6738;8.53492;-1;-1;-1;-1;-1;-1;0;0;0;-1
0;0;46.5097;35.7646;45.2861;9.81941;-1;-1;-1;-1;-1;-1;0;0;0;-1
0;0;49.1886;53.1673;46.1311;9.59325;-1;-1;-1;-1;-1;-1;0;0;0;-1
0;0;48.6866;71.3973;48.2729;9.06951;-1;-1;-1;-1;-1;-1;0;0;0;-1
0;0;61.4066;-57.7841;47.1276;9.41958;-1;-1;-1;-1;-1;-1;0;0;0;-1
0;0;59.744;-41.8517;45.4285;8.94483;-1;-1;-1;-1;-1;-1;0;0;0;-1
0;0;60.0137;-22.508;48.5453;10.3395;-1;-1;-1;-1;-1;-1;0;0;0;-1
0;0;60.2223;-6.48974;48.798;8.5;-1;-1;-1;-1;-1;-1;0;1;157.492;-1
0;0;59.9197;10.1216;48.2941;8.5;-1;-1;-1;-1;-1;-1;0;1;1.79007;-1
0;0;62.6245;27.0989;48.4242;10.3516;-1;-1;-1;-1;-1;-1;0;0;0;-1
0;0;61.1218;46.1392;46.7449;9.01523;-1;-1;-1;-1;-1;-1;0;0;0;-1
0;0;60.1066;60.3179;46.0472;9.46284;-1;-1;-1;-1;-1;-1;0;0;0;-1
0;0;76.6364;-34.0767;45.9199;9.16754;-1;-1;-1;-1;-1;-1;0;0;0;-1
0;0;76.5145;-17.3742;45.6181;8.5;-1;-1;-1;-1;-1;-1;0;1;28.7874;-1
0;0;75.7015;1.3274;46.5452;9.07533;-1;-1;-1;-1;-1;-1;0;0;0;-1
0;0;75.8545;20.854;47.5585;9.34521;-1;-1;-1;-1;-1;-1;0;0;0;-1
0;0;75.3293;33.5634;47.9455;9.8759;-1;-1;-1;-1;-1;-1;0;0;0;-1
0;0;-67.6489;-31.6844;61.3998;10.4264;-1;-1;-1;-1;-1;-1;0;0;0;-1
0;0;-66.2235;-16.904;61.064;9.42159;-1;-1;-1;-1;-1;-1;0;0;0;-1
0;0;-68.323;1.89199;63.9209;9.46714;-1;-1;-1;-1;-1;-1;0;0;0;-1
0;0;-66.6782;16.5005;61.2726;8.5;-1;-1;-1;-1;-1;-1;0;1;32.5455;-1
0;0;-66.3109;34.7279;62.0362;9.56993;-1;-1;-1;-1;-1;-1;0;0;0;-1
0;0;-50.8227;-39.8992;63.3411;9.774;-1;-1;-1;-1;-1;-1;0;0;0;-1
0;0;-52.4903;-22.0974;60.795;9.92731;-1;-1;-1;-1;-1;-1;0;0;0;-1
0;0;-51.8193;-4.73082;63.416;9.33945;-1;-1;-1;-1;-1;-1;0;0;0;-1
0;0;-51.899;9.34069;60.6061;8.70743;-1;-1;-1;-1;-1;-1;0;0;0;-1
0;0;-49.8696;28.5874;60.6837;10.1482;-1;-1;-1;-1;-1;-1;0;0;0;-1
0;0;-51.2477;44.9975;59.9499;10.1006;-1;-1;-1;-1;-1;-1;0;0;0;-1
0;0;-34.958;-64.4663;63.3293;9.29324;-1;-1;-1;-1;-1;-1;0;0;0;-1
0;0;-37.7714;-50.5504;62.5707;9.98797;-1;-1;-1;-1;-1;-1;0;0;0;-1
0;0;-38.6536;-29.8155;61.2764;9.6595;-1;-1;-1;-1;-1;-1;0;0;0;-1
0;0;-36.4497;-15.5814;61.9671;9.82717;-1;-1;-1;-1;-1;-1;0;0;0;-1
0;0;-36.3976;2.19976;63.7792;9.2857;-1;-1;-1;-1;-1;-1;0;0;0;-1
0;0;-36.9303;16.9107;62.4181;9.56637;-1;-1;-1;-1;-1;-1;0;0;0;-1
0;0;-36.8119;36.8142;60.922;9.32865;-1;-1;-1;-1;-1;-1;0;0;0;-1
0;0;-36.9982;52.4282;61.5651;9.9036;-1;-1;-1;-1;-1;-1;0;0;0;-1
0;0;-35.6127;67.7934;63.7427;8.5;-1;-1;-1;-1;-1;-1;0;1;128.007;-1
0;0;-22.558;-74.9289;59.9208;9.1458;-1;-1;-1;-1;-1;-1;0;0;0;-1
0;0;-24.1826;-58.6545;61.6288;10.3648;-1;-1;-1;-1;-1;-1;0;0;0;-1
0;0;-21.8452;-42.8885;61.1497;8.7438;-1;-1;-1;-1;-1;-1;0;0;0;-1
0;0;-20.4996;-25.2241;62.5159;9.16853;-1;-1;-1;-1;-1;-1;0;0;0;-1
0;0;-21.2972;-4.68773;63.4539;9.97498;-1;-1;-1;-1;-1;-1;0;0;0;-1
0;0;-22.3917;9.91419;60.7272;8.5;-1;-1;-1;-1;-1;-1;0;1;108.097;-1
0;0;-20.0433;26.209;61.2405;8.5;-1;-1;-1;-1;-1;-1;0;1;14.9394;-1
0;0;-21.1329;45.4464;60.9392;8.91449;-1;-1;-1;-1;-1;-1;0;0;0;-1
0;0;-20.9001;60.0989;63.6734;9.73264;-1;-1;-1;-1;-1;-1;0;0;0;-1
0;0;-9.19859;-65.6247;63.5521;8.96494;-1;-1;-1;-1;-1;-1;0;0;0;-1
0;0;-8.287;-47.0742;63.1962;9.57506;-1;-1;-1;-1;-1;-1;0;0;0;-1
0;0;-7.36994;-29.9809;61.4536;8.5;-1;-1;-1;-1;-1;-1;0;1;152.316;-1
0;0;-9.414;-15.4287;62.9176;9.71556;-1;-1;-1;-1;-1;-1;0;0;0;-1
0;0;-6.28422;1.0395;62.9905;10.2845;-1;-1;-1;-1;-1;-1;0;0;0;-1
0;0;-7.03814;18.2088;61.8712;8.5032;-1;-1;-1;-1;-1;-1;0;0;0;-1
0;0;-7.92981;35.5379;60.9371;9.22303;-1;-1;-1;-1;-1;-1;0;0;0;-1
0;0;-7.24049;52.423;62.0987;8.6805;-1;-1;-1;-1;-1;-1;0;0;0;-1
0;0;-8.29231;69.8996;61.1219;10.4464;-1;-1;-1;-1;-1;-1;0;0;0;-1
0;0;7.03002;-76.3244;61.7367;9.24443;-1;-1;-1;-1;-1;-1;0;0;0;-1
0;0;5.16999;-58.4091;60.4374;8.81192;-1;-1;-1;-1;-1;-1;0;0;0;-1
0;0;5.33843;-38.1365;64.1084;9.20656;-1;-1;-1;-1;-1;-1;0;0;0;-1
0;0;8.1919;-21.5483;61.4114;8.98278;-1;-1;-1;-1;-1;-1;0;0;0;-1
0;0;9.37655;-6.26332;62.8591;9.45083;-1;-1;-1;-1;-1;-1;0;0;0;-1
0;0;8.85315;11.7021;61.0732;8.62123;-1;-1;-1;-1;-1;-1;0;0;0;-1
0;0;7.0915;28.0235;60.3845;8.92437;-1;-1;-1;-1;-1;-1;0;0;0;-1
0;0;5.37077;46.914;62.531;9.78001;-1;-1;-1;-1;-1;-1;0;0;0;-1
0;0;7.18759;60.6087;62.135;8.5;-1;-1;-1;-1;-1;-1;0;1;38.4049;-1
0;0;21.1199;-63.7436;63.2896;9.81744;-1;-1;-1;-1;-1;-1;0;0;0;-1
0;0;21.6401;-47.608;60.1816;8.56423;-1;-1;-1;-1;-1;-1;0;0;0;-1
0;0;22.5899;-32.0071;61.4639;8.94369;-1;-1;-1;-1;-1;-1;0;0;0;-1
0;0;22.7065;-14.8039;60.7798;10.1983;-1;-1;-1;-1;-1;-1;0;0;0;-1
0;0;23.2163;1.53758;61.385;10.0971;-1;-1;-1;-1;-1;-1;0;0;0;-1
0;0;22.1244;21.0656;62.3164;9.56177;-1;-1;-1;-1;-1;-1;0;0;0;-1
0;0;23.0134;33.8329;60.1807;9.78153;-1;-1;-1;-1;-1;-1;0;0;0;-1
0;0;22.5278;52.5695;61.7219;9.55781;-1;-1;-1;-1;-1;-1;0;0;0;-1
0;0;24.1665;69.3641;60.0112;8.5;-1;-1;-1;-1;-1;-1;0;1;50.8134;-1
0;0;38.287;-59.3266;62.2574;8.5;-1;-1;-1;-1;-1;-1;0;1;93.4769;-1
0;0;35.8283;-42.7868;60.8082;8.5;-1;-1;-1;-1;-1;-1;0;1;106.242;-1
0;0;35.7272;-25.3603;60.5911;10.1324;-1;-1;-1;-1;-1;-1;0;0;0;-1
0;0;35.5881;-7.59029;63.1878;10.3859;-1;-1;-1;-1;-1;-1;0;0;0;-1
0;0;37.7292;9.92389;61.1614;9.52047;-1;-1;-1;-1;-1;-1;0;0;0;-1
0;0;38.1524;26.2261;61.2527;9.35528;-1;-1;-1;-1;-1;-1;0;0;0;-1
0;0;36.2036;44.3067;60.1793;9.04786;-1;-1;-1;-1;-1;-1;0;0;0;-1
0;0;36.0984;61.0318;60.3675;10.3374;-1;-1;-1;-1;-1;-1;0;0;0;-1
0;0;50.7703;-50.3261;63.317;8.5;-1;-1;-1;-1;-1;-1;0;1;100.698;-1
0;0;51.6412;-30.733;62.1806;8.67188;-1;-1;-1;-1;-1;-1;0;0;0;-1
0;0;49.6183;-14.7116;63.1919;8.55861;-1;-1;-1;-1;-1;-1;0;0;0;-1
0;0;51.5716;4.19478;60.2766;8.55313;-1;-1;-1;-1;-1;-1;0;0;0;-1
0;0;50.3608;18.8647;61.9496;8.5;-1;-1;-1;-1;-1;-1;0;1;18.9496;-1
0;0;50.1623;36.3414;59.943;8.5;-1;-1;-1;-1;-1;-1;0;1;72.8746;-1
0;0;52.1785;52.953;59.9322;9.82854;-1;-1;-1;-1;-1;-1;0;0;0;-1
0;0;67.0621;-38.0442;61.7482;9.57536;-1;-1;-1;-1;-1;-1;0;0;0;-1
0;0;65.7004;-23.823;63.749;9.53087;-1;-1;-1;-1;-1;-1;0;0;0;-1
0;0;67.2373;-6.04744;62.2879;8.5;-1;-1;-1;-1;-1;-1;0;1;135.172;-1
0;0;67.4867;12.7795;60.2723;9.32178;-1;-1;-1;-1;-1;-1;0;0;0;-1
0;0;68.3784;26.7761;63.9704;8.5;-1;-1;-1;-1;-1;-1;0;1;23.3948;-1
0;0;-57.5278;-22.0964;78.4915;9.19095;-1;-1;-1;-1;-1;-1;0;0;0;-1
0;0;-55.4773;-4.26304;77.4354;8.5;-1;-1;-1;-1;-1;-1;0;1;44.0942;-1
0;0;-55.336;8.35417;74.7402;9.28084;-1;-1;-1;-1;-1;-1;0;0;0;-1
0;0;-55.5051;26.696;76.628;9.81514;-1;-1;-1;-1;-1;-1;0;0;0;-1
0;0;-42.6921;-32.0495;75.3008;10.1458;-1;-1;-1;-1;-1;-1;0;0;0;-1
0;0;-40.0376;-12.887;75.6449;9.24;-1;-1;-1;-1;-1;-1;0;0;0;-1
0;0;-41.3232;2.9005;78.1867;10.3387;-1;-1;-1;-1;-1;-1;0;0;0;-1
0;0;-42.1384;16.5975;75.4319;10.3646;-1;-1;-1;-1;-1;-1;0;0;0;-1
0;0;-40.6297;35.3039;76.7559;9.42456;-1;-1;-1;-1;-1;-1;0;0;0;-1
0;0;-27.8797;-56.4244;75.9905;8.83831;-1;-1;-1;-1;-1;-1;0;0;0;-1
0;0;-27.2611;-39.8688;77.0026;8.69186;-1;-1;-1;-1;-1;-1;0;0;0;-1
0;0;-25.7159;-25.7337;76.4598;10.2672;-1;-1;-1;-1;-1;-1;0;0;0;-1
0;0;-26.6238;-7.72275;76.1732;8.5;-1;-1;-1;-1;-1;-1;0;1;102.612;-1
0;0;-25.1444;12.5744;78.3882;8.5;-1;-1;-1;-1;-1;-1;0;1;112.472;-1
0;0;-26.5335;28.6967;75.3814;9.00668;-1;-1;-1;-1;-1;-1;0;0;0;-1
0;0;-26.3146;46.9855;75.3967;10.3186;-1;-1;-1;-1;-1;-1;0;0;0;-1
0;0;-11.4391;-48.8865;76.3787;8.5;-1;-1;-1;-1;-1;-1;0;1;125.161;-1
0;0;-11.0786;-32.621;77.3475;10.1049;-1;-1;-1;-1;-1;-1;0;0;0;-1
0;0;-10.6507;-14.7508;76.0657;10.3223;-1;-1;-1;-1;-1;-1;0;0;0;-1
0;0;-9.54399;2.56258;75.091;9.23974;-1;-1;-1;-1;-1;-1;0;0;0;-1
0;0;-10.2293;17.032;75.2646;8.86817;-1;-1;-1;-1;-1;-1;0;0;0;-1
0;0;-12.2459;35.5592;76.2575;8.5;-1;-1;-1;-1;-1;-1;0;1;47.116;-1
0;0;-11.2967;55.1259;75.1354;8.97756;-1;-1;-1;-1;-1;-1;0;0;0;-1
0;0;3.68921;-58.2994;76.8539;10.2863;-1;-1;-1;-1;-1;-1;0;0;0;-1
0;0;5.19599;-40.6812;77.5598;10.1853;-1;-1;-1;-1;-1;-1;0;0;0;-1
0;0;2.57097;-21.8458;78.7772;9.9137;-1;-1;-1;-1;-1;-1;0;0;0;-1
0;0;3.00189;-7.94547;76.6182;10.0946;-1;-1;-1;-1;-1;-1;0;0;0;-1
0;0;2.22986;11.8723;74.703;9.25285;-1;-1;-1;-1;-1;-1;0;0;0;-1
0;0;1.753;28.126;76.3767;9.24905;-1;-1;-1;-1;-1;-1;0;0;0;-1
0;0;2.98604;46.1019;78.0904;10.2031;-1;-1;-1;-1;-1;-1;0;0;0;-1
0;0;5.06139;63.409;76.9378;8.6871;-1;-1;-1;-1;-1;-1;0;0;0;-1
0;0;17.5642;-46.6347;78.7186;10.2205;-1;-1;-1;-1;-1;-1;0;0;0;-1
0;0;16.1288;-32.2463;76.1461;10.1311;-1;-1;-1;-1;-1;-1;0;0;0;-1
0;0;17.25;-14.4876;76.099;8.80277;-1;-1;-1;-1;-1;-1;0;0;0;-1
0;0;17.8707;2.47785;77.336;8.75983;-1;-1;-1;-1;-1;-1;0;0;0;-1
0;0;18.1212;20.2299;77.8938;8.95293;-1;-1;-1;-1;-1;-1;0;0;0;-1
0;0;16.9685;34.0184;74.5684;9.11301;-1;-1;-1;-1;-1;-1;0;0;0;-1
0;0;18.4611;50.9342;78.3728;9.13158;-1;-1;-1;-1;-1;-1;0;0;0;-1
0;0;33.4885;-40.5765;75.9872;9.39897;-1;-1;-1;-1;-1;-1;0;0;0;-1
0;0;34.6357;-21.4789;75.894;9.98023;-1;-1;-1;-1;-1;-1;0;0;0;-1
0;0;34.0207;-8.67734;76.2765;8.5;-1;-1;-1;-1;-1;-1;0;1;126.751;-1
0;0;32.9141;8.93443;76.843;8.5;-1;-1;-1;-1;-1;-1;0;1;132.461;-1
0;0;32.2319;25.9698;75.164;10.3817;-1;-1;-1;-1;-1;-1;0;0;0;-1
0;0;31.373;45.1241;78.3545;8.5;-1;-1;-1;-1;-1;-1;0;1;92.2188;-1
0;0;48.872;-30.9663;77.6798;9.47234;-1;-1;-1;-1;-1;-1;0;0;0;-1
0;0;47.9132;-16.4516;75.2295;9.82958;-1;-1;-1;-1;-1;-1;0;0;0;-1
0;0;45.4181;1.27662;77.4733;9.04997;-1;-1;-1;-1;-1;-1;0;0;0;-1
0;0;48.2349;20.06;75.1436;9.17417;-1;-1;-1;-1;-1;-1;0;0;0;-1
0;0;49.2434;34.0103;78.2797;9.12995;-1;-1;-1;-1;-1;-1;0;0;0;-1
0;0;-35.7621;-13.177;91.1322;9.76974;-1;-1;-1;-1;-1;-1;0;0;0;-1
0;0;-35.0514;-0.283478;89.6182;9.71759;-1;-1;-1;-1;-1;-1;0;0;0;-1
0;0;-35.7301;18.7958;89.7287;9.92133;-1;-1;-1;-1;-1;-1;0;0;0;-1
0;0;-20.9156;-24.0095;89.9293;9.67636;-1;-1;-1;-1;-1;-1;0;0;0;-1
0;0;-21.9567;-5.97665;91.5708;9.74569;-1;-1;-1;-1;-1;-1;0;0;0;-1
0;0;-22.4162;10.3615;92.7201;9.2802;-1;-1;-1;-1;-1;-1;0;0;0;-1
0;0;-20.0494;25.3768;90.9103;8.94302;-1;-1;-1;-1;-1;-1;0;0;0;-1
0;0;-9.22692;-30.1896;89.2228;8.86415;-1;-1;-1;-1;-1;-1;0;0;0;-1
0;0;-6.14194;-12.786;90.7917;8.5;-1;-1;-1;-1;-1;-1;0;1;114.481;-1
0;0;-5.69746;2.78981;93.2623;10.1319;-1;-1;-1;-1;-1;-1;0;0;0;-1
0;0;-6.17117;17.3694;90.0228;9.7054;-1;-1;-1;-1;-1;-1;0;0;0;-1
0;0;-7.32358;33.4927;93.035;8.5;-1;-1;-1;-1;-1;-1;0;1;120.61;-1
0;0;6.18858;-23.9421;89.5255;9.14005;-1;-1;-1;-1;-1;-1;0;0;0;-1
0;0;8.78036;-5.55969;89.5599;8.87455;-1;-1;-1;-1;-1;-1;0;0;0;-1
0;0;9.14876;11.0611;90.5124;9.39799;-1;-1;-1;-1;-1;-1;0;0;0;-1
0;0;8.6417;28.8862;93.3779;8.65459;-1;-1;-1;-1;-1;-1;0;0;0;-1
0;0;22.3045;-32.1637;91.1665;9.40762;-1;-1;-1;-1;-1;-1;0;0;0;-1
0;0;23.3859;-14.8031;92.9938;8.7476;-1;-1;-1;-1;-1;-1;0;0;0;-1
0;0;22.4867;2.99336;93.4445;9.91871;-1;-1;-1;-1;-1;-1;0;0;0;-1
0;0;21.0627;16.5001;90.0689;10.3102;-1;-1;-1;-1;-1;-1;0;0;0;-1
0;0;19.9604;37.9038;90.2698;9.03778;-1;-1;-1;-1;-1;-1;0;0;0;-1
0;0;35.46;-8.48277;92.6704;9.6955;-1;-1;-1;-1;-1;-1;0;0;0;-1
0;0;37.5013;10.4379;91.8747;8.85219;-1;-1;-1;-1;-1;-1;0;0;0;-1
